LM=31
258.500 141.250
247.375 151.125
234.500 158.250
228.667 162.667
220.958 171.250
217.250 174.500
211.531 178.594
205.125 185.875
201.625 186.688
191.750 186.375
184.375 184.500
176.000 179.500
165.333 171.667
160.667 171.333
124.000 241.083
114.667 279.833
123.333 299.833
153.333 285.500
162.125 273.938
179.500 253.000
194.333 239.083
199.667 235.333
211.000 222.583
207.208 217.167
215.375 212.000
226.312 211.250
232.750 202.500
245.750 189.000
258.750 177.812
271.250 165.125
270.750 159.500
ID=Abronia_graminea_USNM_113198.png

LM=31
139.750 91.250
139.500 102.250
141.875 131.750
138.500 161.875
130.125 223.500
125.750 276.250
126.625 286.500
138.188 323.812
135.375 326.438
131.438 341.188
125.250 353.167
121.833 365.500
112.333 383.167
103.000 400.333
128.167 476.250
185.917 544.500
213.500 542.500
249.625 428.250
251.458 422.708
235.333 395.500
228.312 382.812
207.500 350.500
185.500 319.750
179.250 321.000
175.250 273.750
168.750 241.250
169.500 195.000
173.750 167.750
177.500 130.500
183.000 84.000
164.000 76.500
ID=Acanthocercus_annectens_USNM_589397.png

LM=31
356.167 215.500
346.250 211.500
336.250 221.500
317.312 230.438
300.500 239.167
287.833 248.167
282.917 254.625
275.417 263.333
269.167 261.833
257.500 259.333
249.417 253.000
242.833 247.000
232.750 236.812
226.250 229.417
200.917 273.167
115.000 297.188
133.500 357.500
247.917 342.750
259.833 338.917
267.833 332.333
270.500 322.833
282.000 317.167
283.333 312.833
282.500 305.500
305.750 305.417
312.083 297.083
320.833 288.417
339.667 274.167
362.667 258.667
372.500 248.333
373.667 232.000
ID=Abronia_graminea_USNM_113199.png

LM=31
902.667 484.667
884.500 486.250
863.250 533.750
800.667 600.667
773.500 639.500
765.500 663.667
754.667 688.000
716.750 732.750
708.667 738.500
698.667 752.167
692.750 757.250
676.250 775.000
666.750 786.562
655.750 801.333
670.583 867.667
705.000 945.500
769.167 936.500
819.500 868.250
834.375 857.375
835.750 833.625
836.750 822.875
832.000 798.750
839.583 787.667
836.333 773.583
852.375 721.500
867.500 674.750
899.250 624.083
927.000 591.750
949.250 564.750
984.000 521.167
978.250 500.750
ID=Adelosaurus.jpg

LM=31
359.167 136.833
334.500 133.667
320.417 171.917
291.250 243.500
227.250 360.750
193.000 413.000
175.458 439.583
187.000 572.833
171.000 577.000
163.667 620.833
144.167 659.167
140.500 690.000
115.500 737.500
111.583 757.333
197.250 884.375
275.375 942.500
416.250 810.667
400.438 676.375
385.750 649.125
372.000 625.000
355.333 593.667
334.375 567.583
306.625 554.875
276.625 544.000
283.833 472.500
324.167 396.500
368.417 329.417
404.500 260.167
441.167 178.833
449.167 151.167
413.188 120.250
ID=Alligator_mississippiensis__YPM_R_6531_hand_L_VV.PNG

LM=31
1846.03627670091 1540.00267922379
1810.72130001719 1459.28273251816
1886.39625005372 1383.60778248163
1962.07120009026 1277.66285243048
2047.83614346499 1146.49293903382
2133.60108683973 980.008048953453
2350.53594361112 515.868355396054
2723.86569712468 324.158481970172
2799.54064716122 273.708515279151
2855.03561052134 248.48353193364
2966.02553724159 203.07856191172
3087.10545730004 172.808581897108
3233.410360704 132.44860854429
3288.90532406412 147.583598551597
3677.37006758499 283.798508617355
3727.82003427601 525.958348734259
3394.85025411527 657.128262130915
3107.28544397645 732.803212167447
3051.79048061632 747.938202174754
2996.2955172562 727.758215498345
2900.44058054326 707.578228821937
2829.81062717583 662.173258800017
2784.40565715391 621.8132854472
2723.86569712468 576.40831542528
2592.69578372803 697.488235483732
2501.88584368419 803.433165534878
2441.34588365496 964.873058946147
2365.67093361843 1181.80791571754
2279.90599024369 1378.56278581252
2158.82607018524 1580.36265257661
1896.48624339193 1792.2525126789
ID=Alligator_mississippiensis__YPM_R_11754_forelimb_DV.jpg

LM=31
1938 2688
1870.500 2702.500
1860.500 2858.500
1825.500 3089.500
1763.500 3299.500
1621.500 3716.833
1587.000 3788.500
1702.500 4214.167
1693.833 4250.833
1802.500 4444.833
1827.833 4526.833
1872.500 4597.500
1938.500 4670.500
2019.167 4740.833
2309.000 4956.000
2511.375 4763.875
2370.938 4412.500
2349.833 4319.500
2321.250 4231.500
2269.333 4165.833
2182.167 4104.500
2108.167 4047.167
1965.500 4036.500
1925.500 4040.500
1879.667 3855.167
1907.833 3708.167
1963.833 3543.500
2075.833 3299.500
2215.833 2962.167
2259.167 2744.833
2169.833 2680.833
ID=Alligator_mississippiensis__YPM_R_11754_forelimb_VV.jpg

LM=31
382.500 1073.500
317.000 1104.500
342.000 1157.500
355.000 1402.000
390.500 1591.500
430.000 1844.500
424.500 1948.000
482.167 2054.167
478.500 2113.500
491.833 2165.833
495.833 2213.500
504.833 2246.500
542.500 2324.000
569.000 2348.000
646.167 2461.167
725.167 2508.833
793.500 2440.500
783.500 2339.500
780.167 2276.500
744.833 2179.167
724.500 2140.833
690.833 2102.500
672.500 2048.500
642.500 2022.500
607.833 1817.833
580.833 1763.500
545.500 1599.500
527.167 1440.833
536.500 1175.500
475.500 861.500
407.667 777.000
ID=Antechinus_flavipes__YPM_MAM_1196_planform_hum1.JPG

LM=31
1119.38235104555 347.738171369235
1085.40310083071 378.31949656259
1082.00517580922 429.288371884847
1071.81140074477 497.246872314523
1061.61762568032 551.613672658264
1051.42385061587 619.572173087941
1031.03630048697 670.541048410198
1054.82177563735 731.703698796906
1054.82177563735 772.478799054712
1058.21970065884 796.264274205099
1048.02592559439 826.845599398453
1048.02592559439 860.824849613291
1044.6280005729 881.212399742194
1058.21970065884 904.997874892581
1160.15745130335 996.741850472644
1258.69727692638 986.548075408193
1377.62465267832 945.772975150387
1333.45162739903 820.049749355486
1319.85992731309 796.264274205099
1285.88067709825 779.27464909768
1255.2993519049 765.682949011744
1224.71802671154 741.897473861358
1187.34085147522 721.509923732455
1136.37197615296 704.520298625036
1156.75952628187 646.755573259811
1139.76990117445 609.378398023489
1139.76990117445 572.001222787167
1146.56575121742 500.644797336007
1160.15745130335 432.686296906331
1170.3512263678 361.329871455171
1163.55537632483 323.952696218849
ID=Ardeosaurus.jpg

LM=31
376.250 293.250
370.000 294.750
361.000 311.000
348.500 339.000
341.000 346.000
332.667 359.000
322.167 374.167
314.333 384.333
294.000 395.000
287.833 400.833
284.833 408.500
274.833 415.500
268.833 416.167
262.833 429.167
270.500 476.167
284.875 512.312
308.562 526.406
340.542 521.500
347.562 520.438
356.625 504.562
368.750 478.875
372.000 469.875
376.250 453.750
389.500 435.875
416.375 415.438
416.417 402.625
418.167 384.167
428.500 361.333
437.000 347.167
440.333 336.167
429.083 319.167
ID=Askeptosaurus_italicus.jpg

LM=31
640.500 546.500
623.500 568.000
653.000 685.500
667.000 859.500
650.000 1549.000
646.500 1708.000
578.833 2141.167
592.833 2313.833
590.167 2411.167
542.167 2631.167
539.500 2700.500
558.167 2763.167
551.167 2961.167
621.167 3014.500
675.750 3211.500
845.500 3212.000
927.833 3014.333
984.667 2788.833
1000.125 2733.000
957.167 2581.833
943.833 2518.500
902.833 2401.833
921.833 2306.500
857.167 2258.833
835.500 2129.500
794.500 2041.500
741.500 1544.500
865.500 881.500
963.500 576.500
1016.500 325.500
931.750 216.250
ID=Bassaricyon_alleni__YPM_MAM_1458_planform.jpg

LM=31
2415 499
2364.500 448.167
2303.500 451.500
2223.500 467.500
2103.500 499.500
1959.500 517.500
1875.000 508.000
1792.833 471.500
1781.500 424.167
1702.500 405.500
1666.500 385.500
1620.500 321.500
1570.500 295.500
1498.500 249.500
1214.500 231.500
158.500 902.500
332.500 1139.500
1031.500 1274.500
1076.500 1166.500
1217.500 896.500
1415.500 893.500
1525.833 845.500
1622.500 814.167
1669.500 757.500
1879.833 593.833
2007.833 571.167
2128.833 577.833
2219.833 608.500
2307.833 631.167
2355.833 640.500
2386.500 604.500
ID=Carettochelys_insculpta__Delfino_ea2010_Fig2.png

LM=31
499.250 388.625
473.667 390.000
459.000 412.125
440.750 431.625
418.500 447.167
393.167 471.083
379.250 479.417
348.625 523.500
336.875 519.875
319.500 531.833
303.667 537.500
292.667 551.000
281.833 556.500
279.333 562.500
243.438 651.500
256.667 680.333
310.688 679.938
392.375 630.250
405.625 631.250
409.000 624.000
413.250 613.500
419.250 605.500
425.000 597.000
416.125 586.500
491.667 551.500
502.625 538.062
515.500 522.500
549.250 489.500
562.750 469.000
563.000 454.250
550.125 439.938
ID=Ceresiosaurus_calcagnii_T2462.jpg

LM=31
101.333 130.500
94.167 138.833
97.167 146.333
108.833 158.000
112.833 169.000
117.667 178.333
122.667 185.500
127.833 200.667
128.667 207.833
132.000 214.000
133.500 217.333
133.833 222.083
137.833 226.667
140.333 226.583
168.333 249.167
180.125 246.375
180.500 231.333
173.833 197.333
176.625 192.875
175.250 190.250
173.250 187.250
172.000 184.500
170.625 177.500
166.875 177.375
164.625 148.625
159.625 142.625
151.625 130.750
147.375 122.375
142.875 109.750
135.625 104.500
124.500 107.417
ID=Ceresiosaurus_calcagnii.jpg

LM=31
733.167 947.167
625.167 996.500
588.500 1128.500
624.500 1264.500
609.167 1464.500
616.500 1633.500
589.833 1994.833
598.500 2351.167
573.167 2440.500
590.500 2509.500
681.500 2638.500
695.500 2715.167
778.833 2965.500
884.833 3048.833
1299.000 4085.875
1991.333 4597.833
1693.500 3846.500
1576.500 3256.250
1568.833 3076.833
1504.167 2757.833
1465.833 2664.500
1395.167 2594.500
1273.167 2360.833
1247.167 2364.833
901.000 1830.000
869.500 1756.500
826.500 1613.500
852.500 1443.000
846.000 1361.000
882.833 1281.500
930.833 1076.500
ID=Chelonia_mydas.jpg

LM=31
254.500 619.500
236.250 647.500
226.500 730.500
227.500 782.500
226.500 839.000
219.500 864.000
216.375 886.375
221.750 1082.250
185.750 1133.250
215.500 1194.500
217.000 1223.750
231.167 1269.000
226.750 1349.500
259.250 1363.250
422.000 1862.000
642.500 2018.500
734.167 1895.833
663.500 1488.500
649.500 1472.167
618.500 1420.333
571.000 1282.500
553.667 1245.000
455.000 1128.000
432.750 1127.000
304.500 956.500
311.750 916.250
323.000 844.250
330.250 791.500
334.000 734.000
347.000 659.500
288.500 623.000
ID=Chelonia_mydas__Deblois&Motani_2019_Fig1b.png

LM=31
528 458
508.500 464.833
494.500 484.833
469.833 563.500
461.833 604.167
437.833 655.500
413.750 693.250
389.167 889.167
376.500 903.833
389.833 913.167
381.833 941.167
390.000 963.000
385.500 982.500
392.500 996.500
433.000 1124.000
490.500 1167.000
558.167 1143.500
622.500 1027.833
624.167 1006.500
613.000 972.750
613.750 954.500
616.167 938.167
619.500 895.833
589.500 866.500
615.750 786.500
617.250 755.250
611.000 708.500
606.250 620.750
614.250 554.750
624.750 512.250
600.167 476.833
ID=Chelus_fimbriatus.jpg

LM=31
49 82.750
29.500 91.250
44.250 133.500
49.250 183.500
55.500 225.500
76.167 268.167
118.833 298.833
118.833 338.167
109.500 346.167
119.500 370.500
119.833 381.167
128.500 395.167
140.833 414.833
151.500 414.500
242.167 452.333
324.167 434.333
364.500 390.500
313.000 347.125
310.500 342.125
286.500 320.125
261.500 304.500
251.750 298.500
228.750 279.500
216.000 280.250
151.500 245.000
167.167 229.833
158.000 210.333
141.333 188.500
121.167 140.833
104.500 66.500
86.833 51.167
ID=Claudiosaurus_CM47499.jpg

LM=31
321.500 576
310.000 574
291.500 609.500
231.000 678.000
218.750 693.500
200.250 718.250
184.833 735.167
102.500 831.500
70.000 852.000
67.000 868.500
57.000 885.500
53.000 900.500
42.000 903.000
45.000 918.500
62.000 1049.500
123.000 1134.000
170.000 1190.500
217.000 1047.000
226.000 1048.500
237.750 1020.750
244.250 992.750
245.500 962.750
252.000 926.750
235.000 876.500
273.500 786.167
282.500 769.500
293.500 746.167
316.833 709.167
338.167 681.167
346.167 672.500
350.500 628.167
ID=Claudiosaurus_CM47508.jpg

LM=31
323 565
288.500 591.833
295.167 633.167
278.500 751.833
266.500 785.500
277.833 867.500
286.167 908.833
286.500 1019.833
263.167 1028.500
267.750 1049.250
263.500 1077.250
262.250 1113.750
265.750 1132.000
261.250 1148.000
322.167 1263.167
434.500 1330.833
527.000 1356.500
518.500 1179.500
531.500 1168.500
523.500 1110.500
514.500 1074.500
496.500 1036.500
467.500 1014.500
440.500 986.500
449.500 895.500
435.500 856.500
431.500 794.500
437.500 728.500
443.500 655.500
436.500 598.500
382.500 572.500
ID=Claudiosaurus_MNHN.jpg


LM=31
1015 134
931 148.500
874 194.000
778.500 290.500
620.500 418.500
444.500 563.500
375.500 619.500
356.000 721.000
339.000 735.500
319.500 779.500
310.000 794.000
281.500 831.000
264.000 842.500
265.500 856.500
261.500 1006.500
260.500 1141.000
342.500 1259.000
481.000 1194.500
519.167 1162.500
551.167 1096.500
588.500 1046.500
587.167 1018.500
635.167 989.167
580.500 930.500
691.500 872.250
708.250 815.500
727.500 749.250
814.500 622.500
986.500 411.167
1094.167 299.833
1066.833 225.833
ID=Cuora_galbinifrons_YPM_R_17245.jpg

LM=31
1194 361
1150.833 352.500
1113.500 354.500
979.500 396.500
801.500 436.500
673.167 480.500
581.500 503.833
447.500 568.500
434.000 573.500
414.000 576.000
393.000 585.000
375.000 593.500
349.500 582.500
323.000 603.500
265.000 668.000
204.000 748.000
212.000 821.000
340.167 928.833
372.167 921.500
397.500 910.833
428.167 887.500
489.500 882.167
566.833 823.500
527.500 734.167
672.500 763.500
705.500 722.500
755.500 681.500
905.167 598.500
1088.500 527.167
1177.167 515.167
1193.167 493.833
ID=Cuora_galbinifrons.jpg

LM=31
815 509.250
819 538.000
872 605.000
882.750 692.500
875.000 839.500
981.833 1085.833
1030.625 1222.000
1229.583 1483.833
1220.625 1540.292
1371.500 1712.833
1469.500 1863.500
1533.250 1909.250
1854.000 2175.000
1894.000 2188.000
2010.833 2064.833
1966.333 1876.667
1882.312 1670.375
1803.250 1401.667
1795.500 1360.667
1776.375 1338.625
1671.500 1287.500
1612.750 1249.438
1438.500 1176.250
1392.500 1206.875
1339.250 1053.250
1253.250 902.000
1124.167 574.833
1154.833 364.167
1236.250 305.250
1108.500 163.500
977.500 144.250
ID=Cystophora_cristata_USNM_593970_NMNH_04_CCR_07_foreflipper_merged.png

LM=31
7861.167 557.167
7691.834 460.500
7471.167 465.167
6930.500 609.500
6614.500 731.500
6298.500 797.500
5504.500 940.500
3464.500 1492.500
3339.500 1431.500
3119.500 1491.500
2943.500 1499.500
2587.500 1705.500
2297.500 1889.500
2295.500 2071.500
563.500 6685.500
1073.500 6612.500
3268.167 7281.833
6273.500 6703.500
6530.500 6542.500
6680.500 5706.500
6668.500 5448.500
6691.833 4350.833
6417.167 4142.833
6229.167 4010.833
6870.500 3581.500
7024.500 3138.500
7354.500 2551.500
7885.500 2197.500
8414.500 2141.500
8570.500 1995.500
8626.500 1897.500
ID=Delphinapterus_leucas_NMNH_USNM_571021.jpg

LM=31
804.833 519.500
770.500 543.167
733.833 659.833
710.500 775.333
708.500 841.833
708.625 887.250
719.500 1079.000
832.500 1330.500
782.500 1367.500
789.500 1398.167
804.167 1504.833
826.167 1542.833
850.167 1624.833
889.500 1661.500
1721.500 2690.500
1724.500 2690.500
1653.500 2389.500
1538.500 1713.500
1540.250 1702.750
1511.250 1608.750
1469.167 1480.167
1448.500 1360.500
1379.500 1249.500
1291.000 1235.500
1289.250 936.750
1268.167 925.500
1229.500 904.167
1159.500 818.167
1146.167 703.500
1240.167 619.500
1165.833 530.833
ID=Delphinus_delphis_NMNH_DDE13_left.jpg

LM=31
438 596.500
402.750 625.750
391.000 671.500
400.000 785.750
429.000 987.500
458.833 1157.833
488.500 1243.833
688.833 1459.833
595.500 1517.167
616.833 1618.500
660.167 1727.167
703.500 1810.500
744.833 1874.500
803.000 1918.667
1629.500 2641.500
1629.500 2641.500
1605.500 2431.500
1349.000 1802.000
1349.500 1783.000
1296.000 1683.000
1243.500 1545.167
1194.167 1415.167
1125.500 1303.500
1053.500 1289.000
1018.500 954.500
955.500 934.500
878.167 858.500
833.500 746.500
913.500 663.500
868.500 584.500
798.167 535.333
ID=Delphinus_delphis_NMNH_IFAW12_029_left.jpg

LM=31
590.167 355.500
564.833 361.167
537.167 399.167
501.500 511.500
442.500 780.500
428.500 847.500
425.250 897.500
457.167 1092.833
413.500 1096.833
411.833 1139.167
414.500 1188.500
405.500 1204.167
410.167 1255.833
425.167 1337.167
788.250 2163.250
788.750 2163.250
814.833 1999.500
869.500 1496.167
874.833 1483.167
876.167 1410.500
876.167 1318.500
891.500 1220.833
875.500 1141.500
812.167 1110.833
902.500 873.500
890.500 831.500
836.500 749.500
838.500 636.500
871.500 592.500
957.500 535.500
899.500 455.500
ID=Delphinus_delphis_NMNH_IFAW13_045_right.jpg

LM=31
476 412
416.167 449.500
379.500 514.167
341.500 613.500
279.500 833.500
235.500 916.833
220.833 981.500
266.833 1280.500
208.500 1288.167
199.167 1306.167
198.833 1389.833
179.833 1414.833
185.167 1593.833
201.500 1618.167
583.500 2864.500
584.833 2865.833
615.000 2600.500
718.500 1881.500
737.167 1772.167
752.500 1635.500
775.167 1522.167
753.833 1400.833
761.167 1374.833
696.500 1332.167
803.833 1037.833
793.500 991.167
738.833 908.500
732.833 809.167
785.500 717.167
893.500 687.167
854.833 527.167
ID=Delphinus_delphis_NMNH_IFAW13_052_right.jpg

LM=31
971.500 703.500
767.500 711.500
711.500 777.500
683.500 847.500
647.500 937.500
583.500 1015.500
543.500 1093.500
500.500 1358.500
472.500 1372.500
463.500 1417.500
452.500 1458.500
445.500 1502.500
447.500 1570.500
455.500 1643.500
710.500 3135.500
710.500 3136.500
713.500 2888.500
952.500 2004.000
986.500 1986.000
1035.000 1864.500
1062.833 1735.833
1095.500 1681.167
1067.500 1578.500
972.167 1551.167
1215.000 1248.500
1164.500 1163.500
1156.000 1069.500
1210.000 934.000
1315.000 933.500
1380.167 862.833
1316.167 726.500
ID=Delphinus_delphis__SDSNH_21266.jpg

LM=31
1347.833 573.167
1314.833 601.167
1347.167 711.500
1223.000 1158.250
1117.500 1463.500
903.250 1877.750
830.500 1936.500
761.500 2084.500
700.500 2155.500
684.500 2223.500
617.500 2316.500
584.500 2440.500
549.500 2514.500
539.833 2540.833
534.833 2818.500
665.750 2942.500
1003.250 2861.250
1073.000 2604.000
1118.750 2561.250
1120.250 2482.250
1127.000 2457.250
1139.250 2393.000
1131.833 2271.833
1075.833 2158.500
1136.667 1917.833
1132.000 1845.667
1185.500 1634.500
1328.500 1243.500
1503.500 818.500
1609.500 303.500
1509.500 217.500
ID=Didelphis_virginiana__YPM_MAM_010323.JPG

LM=31
200.750 270.500
191.750 272.750
180.000 288.500
149.750 311.750
133.750 327.000
125.667 336.333
115.188 347.812
104.375 377.625
95.125 378.125
91.250 383.875
87.875 390.875
85.250 395.000
75.875 407.250
74.125 414.500
36.833 475.167
54.833 510.000
100.833 551.833
154.667 487.250
166.750 479.167
165.083 455.167
157.750 438.000
158.250 415.917
158.083 403.833
154.917 398.250
161.500 372.562
169.167 352.083
203.750 311.000
222.000 298.000
240.500 269.750
260.250 263.750
261.000 247.500
ID=Dugong_dugon__USNM_A20861.JPG

LM=31
578.250 576.750
551.250 595.000
508.833 631.500
471.500 670.833
437.000 696.000
383.000 721.500
356.000 730.500
350.500 792.167
328.167 782.167
318.500 782.500
304.833 788.500
282.167 800.833
263.500 811.500
259.167 829.167
224.833 949.167
270.500 1008.167
326.167 1055.833
426.500 997.000
435.000 985.000
436.500 976.000
436.500 951.000
433.500 928.000
426.000 901.000
417.000 865.500
473.500 867.500
507.500 841.000
538.500 815.000
591.167 764.833
639.167 719.500
670.500 684.833
670.833 678.500
ID=Eusaurosphargis_PIMUZ.jpg

LM=31
1366 192
1308.833 171.500
1227.500 216.167
995.500 350.500
829.500 478.500
636.500 687.833
519.167 825.833
614.500 1016.500
591.000 1006.500
568.500 994.500
539.500 1011.000
514.500 1024.000
497.000 1049.000
471.000 1085.500
485.000 1251.000
507.000 1364.500
556.500 1468.500
671.500 1512.167
763.500 1513.833
786.167 1478.833
798.500 1438.500
808.833 1405.833
801.833 1374.167
794.167 1365.167
820.250 1190.750
850.750 1122.500
925.500 980.833
1080.167 780.833
1293.833 607.500
1391.500 580.000
1441.000 545.000
ID=Geochelone_sulcata.jpg

LM=31
1495.500 487.500
1417.500 583.500
1509.500 729.500
1521.500 883.500
1525.500 1121.500
1511.500 1355.500
1444.167 1621.500
1515.500 1781.500
1449.500 1793.500
1392.500 1994.500
1230.500 2129.500
1200.500 2210.500
1086.500 2528.500
1083.500 2594.500
1311.500 2972.500
1470.500 3122.500
1815.500 2999.500
2055.500 2816.500
2040.500 2741.500
2082.500 2600.500
2097.500 2516.500
2073.500 2396.500
2109.500 2204.500
1989.500 1871.500
1998.500 1607.500
1944.500 1400.500
1926.500 1226.500
1911.500 1028.500
1881.500 671.500
1863.500 557.500
1791.500 365.500
ID=Heloderma_suspectum.jpg

LM=31
1414.375 185.500
1380.833 179.500
1317.000 146.000
1257.167 228.333
1166.875 354.125
1043.833 542.500
965.833 633.500
923.833 672.167
902.500 679.833
870.250 730.250
817.500 758.250
676.750 844.750
566.000 924.500
546.500 970.500
444.750 1131.750
444.500 1131.500
562.500 1211.500
968.000 1034.000
983.250 1014.500
990.000 972.000
1017.500 910.167
1036.625 880.875
1072.167 842.667
1062.375 813.375
1124.875 751.750
1152.375 712.875
1253.500 555.500
1328.750 442.750
1399.500 356.750
1483.500 254.500
1518.167 158.833
ID=Heterodontosaurus.jpg

LM=31
721 845.250
519.500 1026.500
615.500 1200.500
701.500 1480.500
707.500 1784.500
682.500 1964.500
620.500 2271.500
707.167 2844.833
701.500 2912.833
695.500 3223.500
655.500 3432.500
580.500 3801.500
526.500 4011.500
530.500 4063.500
1077.500 4429.500
1077.833 4430.167
1343.167 4286.167
1583.167 3928.833
1720.500 3806.833
1667.833 3574.500
1607.833 3395.167
1600.167 3206.167
1554.500 2875.500
1506.500 2767.750
1425.500 1978.000
1298.500 1543.167
1293.167 1281.833
1330.375 953.125
1387.500 657.000
1360.500 442.500
1227.500 352.750
ID=Hippopotamus_amphibius__YPM_MAM_007461_DV.jpg

LM=31
701 1048.500
495 1186.000
567.500 1305.500
613.500 1521.000
591.500 1755.000
381.500 2311.500
358.500 2496.500
394.250 3019.750
395.750 3144.750
369.750 3337.000
289.500 3611.250
187.667 3916.000
126.833 4059.500
134.167 4120.833
457.167 4347.500
457.833 4347.833
778.833 4323.500
1173.500 4038.500
1316.500 3968.000
1328.500 3819.000
1278.167 3592.500
1286.167 3423.833
1228.000 3006.500
1190.000 2940.000
1221.500 2197.500
1174.500 1750.500
1250.500 1278.500
1371.500 894.500
1421.500 716.500
1392.500 286.500
1258.500 230.250
ID=Hippopotamus_amphibius__YPM_MAM_007461_VV.jpg

LM=31
1410 1121
1280.500 1237.500
1337.500 1279.500
1367.500 1496.500
1385.500 1973.500
1394.500 2117.500
1361.500 2213.500
1387.167 2287.167
1349.833 2305.833
1335.167 2400.500
1283.167 2512.500
1304.500 2555.167
1311.167 2668.500
1331.167 2775.167
1425.833 3126.500
1548.500 3283.500
1606.500 2977.500
1682.500 2953.500
1696.500 2869.500
1730.500 2765.500
1718.500 2691.500
1742.500 2559.500
1704.500 2443.500
1660.500 2295.500
1682.167 2207.500
1674.167 2146.833
1658.167 2080.167
1617.500 1875.500
1552.167 1393.167
1504.500 1156.500
1402.500 987.500
ID=Hydrosaurus_amboinensis.jpg

LM=31
967.500 1295.500
850.167 1283.500
828.833 1294.167
790.167 1343.500
770.167 1394.167
763.500 1438.167
751.500 1508.833
661.500 2186.500
525.500 2292.500
543.500 2600.500
679.500 3172.500
753.500 3566.500
903.500 4108.500
1149.500 4798.500
1226.500 5000.500
1397.500 5117.500
1511.500 4805.500
1550.500 4323.500
1634.500 4121.500
1667.500 3861.500
1670.500 3464.500
1751.500 3012.500
1898.500 2300.500
1874.500 2096.500
1841.500 1584.500
1845.500 1543.500
1850.500 1480.500
1821.500 1432.500
1801.500 1374.500
1729.500 1328.500
1563.500 1324.500
ID=Ichthyosaurus_CM_25373.jpg

LM=31
712 1184
671.500 1207.500
652.500 1238.500
646.500 1273.500
628.500 1317.500
597.500 1334.500
579.500 1356.500
434.500 1797.500
359.500 1905.500
380.500 2428.500
389.500 2904.500
464.500 3253.500
500.500 3493.500
557.500 3729.500
617.500 3844.500
878.500 4022.500
1025.500 4135.500
1151.500 4118.500
1361.500 3968.500
1403.500 3570.500
1514.500 3222.500
1619.500 2604.500
1634.500 2154.500
1532.500 1902.500
1497.833 1376.833
1497.167 1346.833
1481.167 1278.833
1471.500 1261.500
1407.833 1206.167
1359.833 1174.500
1264.500 1185.500
ID=Ichthyosaurus_CM_30781.jpg

LM=31
1822 998
1644.500 1018.500
1632.500 1100.500
1547.500 1404.500
1451.500 1853.500
1477.500 2350.500
1589.500 2939.500
1681.500 3348.500
1677.500 3400.500
1725.500 3716.500
1759.500 3896.500
1813.500 4172.500
1836.500 4265.500
1872.500 4367.500
2319.500 4352.500
2319.500 4351.500
2388.500 4047.500
2322.500 3474.500
2298.167 3434.167
2254.167 3354.167
2222.167 3294.167
2172.500 3234.500
2065.500 3056.500
2045.500 3028.500
2061.250 2819.750
2038.500 2635.500
1996.500 2223.500
2012.500 1907.500
2040.500 1071.500
2134.500 434.500
2028.500 271.500
ID=Isoodon_obesulus__YPM_MAM_11210_planform1.jpg

LM=31
1074 2660
1056.500 2901.500
1064.500 3005.500
1251.500 3242.500
1473.500 3760.500
1572.500 4146.500
2343.500 4775.500
2127.500 4983.500
2287.500 5159.500
2327.500 5379.500
2459.500 5575.500
2579.500 5767.500
2687.500 6035.500
2867.500 6055.500
6238.500 8900.500
6502.500 8564.500
6313.500 7192.500
6085.500 5364.500
6109.500 5219.500
6019.500 4862.500
5872.500 4415.500
5059.500 3418.500
4187.500 3268.500
3974.500 3625.500
3563.833 2762.500
3304.500 2652.500
3138.500 2512.500
2808.500 2302.500
2804.500 1902.500
2564.500 1726.500
2388.500 1858.500
ID=Kogia_breviceps_NMNH_USNM_550128.jpg

LM=31
338 1058
273 1125
270.500 1154
336.500 1260.500
366.500 1386.000
383.500 1479.500
400.500 1552.500
607.500 1775.500
590.833 1806.833
592.167 1860.833
612.167 1908.833
671.500 2006.167
726.833 2106.167
786.167 2106.833
1754.500 2945.500
1850.333 2848.500
1790.500 2360.500
1743.500 1772.500
1751.500 1746.500
1725.500 1666.500
1658.500 1523.500
1561.500 1406.500
1410.167 1285.833
1162.167 1323.833
1039.000 1066.000
946.000 1011.000
870.500 969.000
851.000 928.500
885.500 867.000
814.000 774.500
736.500 790.500
ID=Kogia_breviceps_NMNH_USNM_550859_right.jpg

LM=31
1755 2973
1615.500 3254.500
1648.500 3337.500
1816.500 3459.500
2052.167 3822.167
2233.500 4364.500
2315.500 4601.500
2733.500 4681.500
2592.500 4805.500
2648.500 4904.500
2880.500 5301.500
3059.500 5741.500
3213.167 5951.833
3552.500 6338.500
6686.500 9277.500
6917.833 8906.500
6752.500 7197.500
6321.500 5147.833
6346.833 5093.833
6202.833 4699.833
5928.167 4278.500
5442.500 3839.500
4878.500 3722.500
4651.500 3854.500
4230.500 3156.500
3765.500 2840.500
3393.500 2590.500
3247.833 2304.167
3343.833 2217.500
3052.500 1975.000
2875.500 2022.500
ID=Kogia_breviceps_NMNH_USNM_571228.jpg

LM=31
932 1965
771.500 2089.500
713.500 2313.500
709.500 2530.500
676.500 2821.500
608.500 3122.500
523.000 3435.500
656.833 4171.167
623.500 4242.500
665.500 4452.500
584.500 4662.500
575.500 4911.500
611.500 5307.500
763.500 5382.167
1340.500 8385.500
1853.500 8415.166
2390.500 7045.500
3236.500 5457.500
3314.500 5348.500
3378.500 5018.500
3216.500 4445.500
3006.500 4180.833
2822.500 3928.167
2460.500 4085.500
2685.167 3306.167
2567.833 3062.167
2377.167 2669.833
2335.833 2471.167
2577.833 2359.500
2569.500 2188.500
2345.500 2010.500
ID=Kogia_sima_NMNH_USNM_504221.jpg

LM=31
856 2318
549.500 2485.500
559.500 2801.500
483.500 3095.500
403.500 3281.500
359.500 3401.500
334.500 3466.500
406.500 4143.500
302.000 4202.000
311.500 4358.500
247.500 4504.500
225.167 4769.167
216.833 5093.500
301.500 5616.500
1253.167 8008.500
1633.500 8019.000
2222.500 6703.500
3004.167 5272.500
3054.833 5199.833
3082.833 4983.167
3074.833 4684.500
2879.500 4273.500
2576.833 3975.833
2356.833 3974.500
2258.167 3343.833
2116.833 3186.500
1986.167 2948.500
1931.500 2783.167
2099.500 2667.167
2075.500 2517.833
1939.500 2413.833
ID=Kogia_sima_NMNH_USNM_550482.jpg

LM=31
2066 590
1841.500 655.500
1427.833 952.833
1249.167 1163.500
1081.500 1392.500
1043.500 1498.500
843.500 1749.500
782.500 2816.000
655.500 2844.500
558.500 3009.500
571.500 3389.500
593.500 3496.500
611.500 3756.500
740.500 3829.500
2162.833 7833.500
2095.000 6725.000
2411.500 4771.500
3132.833 3341.167
3144.167 3244.500
3098.500 3239.500
3004.500 3049.500
2946.500 3039.500
2896.500 2941.500
2713.500 2951.500
2894.500 2517.500
2732.500 2298.500
2655.500 1993.500
2895.500 1827.500
3253.500 1780.500
3197.500 1588.500
3191.500 1342.500
ID=Lagenorhynchus_acutus_NMNH_USNM_504152.jpg

LM=31
1773 645
1600.500 723.167
1285.500 965.500
853.833 1512.167
761.833 1748.167
672.500 1962.167
636.500 2123.500
623.500 2841.167
551.500 2889.167
522.833 3081.500
562.833 3374.500
608.167 3790.500
638.833 3981.833
768.167 4220.500
2702.833 7428.167
2376.500 6565.500
2293.500 4613.500
2867.167 3300.500
2867.833 3215.833
2710.500 3127.833
2690.500 3021.167
2617.167 2931.833
2553.167 2913.167
2353.167 3030.500
2581.500 2498.500
2500.500 2343.500
2375.500 2016.500
2534.500 1776.500
2957.500 1755.500
2930.500 1533.500
2983.500 1420.500
ID=Lagenorhynchus_acutus_NMNH_USNM_504156.jpg

LM=31
1839 866
1684.500 935.500
1360.167 1311.500
1048.500 1823.500
959.500 1973.500
891.500 2122.500
853.500 2240.500
1010.500 3232.500
882.500 3216.500
817.167 3300.500
802.500 3488.500
891.167 3673.833
872.500 3796.500
1033.833 4096.500
3084.500 7882.833
2839.500 6823.500
2774.500 4816.500
3107.500 3256.833
3116.833 3193.500
3064.833 3108.167
3002.167 3096.167
2920.833 3036.167
2866.167 3056.167
2774.167 3156.167
2905.500 2559.500
2727.500 2359.500
2651.500 2035.500
2827.500 1863.500
3201.500 1731.500
3067.500 1517.500
3063.500 1296.500
ID=Lagenorhynchus_acutus_NMNH_USNM_504162.jpg

LM=31
1417 436
1341.833 418.833
1213.167 458.167
1084.833 550.833
1023.500 592.500
946.167 652.500
875.500 713.167
755.500 989.500
718.500 1004.500
687.500 1070.500
680.500 1090.500
661.500 1152.500
629.500 1264.500
640.833 1296.333
593.500 2737.500
692.500 2462.500
1042.500 1683.167
1398.250 1369.000
1400.000 1355.250
1376.500 1275.833
1360.167 1261.167
1354.167 1245.833
1355.500 1220.500
1297.500 1213.167
1390.167 1101.167
1369.500 1005.833
1402.833 915.833
1483.500 860.500
1601.000 915.500
1630.167 813.500
1702.167 751.500
ID=Lagenorhynchus_acutus_NMNH_USNM_571326_right.jpg

LM=31
2704 1478
2547.500 1539.167
2242.500 1836.500
2012.500 2211.500
1837.500 2541.500
1740.500 2711.500
1710.500 2903.500
1725.500 3702.500
1608.500 3780.500
1581.500 4053.500
1611.500 4257.500
1674.500 4451.500
1665.500 4604.500
1809.500 4949.500
3655.500 8371.500
3531.500 7576.500
3414.500 5463.500
4065.167 4017.500
4049.833 3962.167
3870.500 3815.500
3837.500 3737.500
3775.500 3675.500
3677.500 3666.500
3597.500 3723.500
3687.500 3273.833
3645.500 3132.000
3477.167 2847.500
3538.500 2619.500
3721.167 2549.500
4045.833 2455.167
3847.833 2062.833
ID=Lagenorhynchus_acutus_NMNH_USNM_571389.jpg

LM=31
598 1426
507.500 1529.500
433.500 1895.500
321.500 2519.500
293.500 2777.500
269.500 3189.500
249.500 3311.500
409.500 4089.500
338.500 4196.500
327.500 4356.500
355.500 4630.500
403.500 4979.500
443.500 5177.500
537.500 5431.500
2795.167 8506.500
2510.000 7811.500
2301.500 5348.500
2955.500 4276.500
2958.500 4213.500
2922.500 4172.500
2703.167 3898.167
2408.500 3809.500
2334.500 3749.500
2203.500 3752.500
2106.500 3174.500
1842.500 2859.167
1729.167 2441.167
1890.500 2020.500
2109.167 1915.167
2025.167 1756.500
1891.833 1613.833
ID=Lagenorhynchus_obliquidens_NMNH-USNM_504412.jpg

LM=31
421.250 289.250
422.250 310.000
386.000 339.750
331.500 383.667
276.833 436.500
254.167 462.833
231.500 493.833
226.167 523.167
235.167 531.833
232.750 553.000
233.750 562.500
234.250 577.625
228.750 594.750
222.250 597.750
162.500 688.750
144.750 656.750
144.000 612.500
155.250 549.750
152.750 543.750
164.000 530.750
169.000 517.500
171.000 511.000
175.000 500.750
185.000 491.750
194.000 464.500
230.500 430.167
258.167 397.167
282.833 371.500
339.500 316.833
371.833 282.500
391.833 263.500
ID=Langobardisaurus_pandolfi.jpg

LM=31
312 265
267.500 299.500
251.500 414.500
236.500 600.500
236.500 702.500
241.500 749.500
218.500 851.500
299.500 1131.500
247.500 1214.500
306.167 1315.167
316.833 1407.167
359.500 1463.167
396.833 1612.500
420.833 1664.833
823.500 2639.500
1447.500 3115.500
1163.500 2435.500
1080.250 1641.000
994.500 1519.500
946.500 1451.500
899.500 1393.500
885.500 1341.500
778.500 1154.500
707.500 1135.500
427.500 833.500
426.167 748.167
430.833 678.833
428.167 614.833
456.833 550.167
476.167 504.167
412.833 458.833
ID=Lepidochelys_kempi.jpg

LM=31
374 615
360.833 689.500
364.167 776.833
389.500 903.500
405.500 981.500
423.500 1146.833
433.500 1238.833
543.500 1386.500
547.000 1420.000
608.500 1480.500
631.500 1495.500
661.000 1520.500
667.000 1562.000
697.500 1570.000
884.500 1618.833
1009.167 1574.833
1032.000 1459.000
1007.000 1333.500
918.000 1255.000
888.500 1225.000
861.500 1215.500
832.500 1224.000
795.500 1185.500
772.000 1189.000
704.500 1098.500
677.833 1059.167
628.500 947.833
584.500 825.500
559.500 760.500
526.500 632.500
460.500 623.500
ID=Leucocephalon_yuwonoi_YPM_R_17251.jpg

LM=31
3077 1202
2961.167 1196.500
2798.500 1356.500
2546.500 1623.500
2353.167 1874.167
2223.833 2055.500
2015.500 2311.833
1680.167 2844.167
1618.833 2836.833
1548.167 2916.167
1486.833 2997.833
1442.500 3077.500
1354.500 3217.500
1343.500 3271.500
484.500 5803.500
782.750 5486.750
1962.167 4288.833
2783.000 4089.500
2857.500 4058.500
2929.167 3849.500
2893.167 3786.833
2847.833 3576.167
2809.167 3522.833
2503.833 3490.833
3057.500 3134.167
3114.500 2562.500
3450.500 2134.500
3662.500 2218.500
3834.500 2154.500
3827.500 1988.500
3854.500 1737.500
ID=Lissodelphis_borealis_NMNH_USNM_550071.jpg

LM=31
1168 1300
1066.500 1374.500
994.500 1605.500
919.500 1830.500
844.500 2180.500
741.167 2614.833
695.833 2754.167
632.500 3411.500
603.167 3420.833
571.167 3510.167
544.500 3622.167
536.500 3750.167
531.167 3890.167
548.500 3940.833
1241.167 6821.833
1264.500 6350.167
1686.500 4782.500
2306.500 4067.500
2366.500 3971.500
2316.500 3748.500
2224.500 3663.500
2076.500 3510.500
2001.500 3260.500
1785.500 3272.500
2036.500 3038.500
1907.500 2771.500
1805.500 2417.500
1949.500 1955.500
2189.500 1835.500
2184.500 1701.500
2084.500 1475.500
ID=Lissodelphis_borealis_NMNH_USNM_571322.jpg

LM=31
1045.167 371.167
967.167 383.833
952.500 447.833
812.500 686.500
696.500 1031.500
605.500 1301.500
559.500 1380.500
536.500 1489.000
516.500 1519.500
496.500 1546.500
485.167 1563.167
478.500 1587.167
455.833 1605.167
453.167 1619.167
483.833 1719.167
547.833 1821.833
658.500 1747.167
740.750 1678.250
737.000 1654.250
724.625 1638.625
723.000 1617.750
714.250 1574.250
703.167 1552.167
677.500 1528.833
722.500 1426.667
734.167 1393.833
737.667 1345.000
791.000 1187.000
1013.500 697.500
1099.500 386.500
1022.500 193.500
ID=Macropus_rufus__YPM_MAM_00750.JPG

LM=31
2181 2373
2015.500 2406.500
1989.500 2552.500
1961.500 2670.500
1831.500 2911.500
1799.500 3198.167
1771.000 3506.500
1744.833 3815.500
1717.500 3940.833
1713.500 3972.833
1723.500 4022.833
1726.833 4070.500
1714.167 4120.500
1741.500 4149.833
1785.500 4354.167
1948.500 4727.500
2144.000 4534.000
2212.167 4395.167
2225.833 4332.500
2234.167 4243.833
2231.833 4094.167
2225.833 3989.500
2221.833 3956.167
2199.833 3909.500
2258.500 3641.500
2257.500 3444.500
2254.500 3302.500
2273.500 2885.500
2393.500 2374.500
2490.500 2123.500
2331.833 1978.833
ID=Manis_tricuspis__YPM_MAM_11614_HumZeug_best2.JPG

LM=31
355.500 228.833
334.000 234.833
326.500 247.167
306.000 276.000
273.833 310.833
244.375 342.750
231.500 362.500
206.500 384.000
196.750 382.000
178.500 384.750
162.750 388.500
142.750 394.250
137.750 406.000
154.500 419.250
157.750 430.250
175.250 466.500
233.125 507.125
284.167 488.250
281.500 479.500
267.167 459.833
256.167 436.500
254.167 413.500
252.500 403.167
249.750 392.500
262.125 388.000
281.875 374.625
304.500 349.500
323.750 321.750
359.250 269.250
367.500 253.125
369.125 225.750
ID=Megalancosaurus_preonensis.jpg

LM=31
1357 3428
1230.167 3702.833
1379.833 3970.167
2054.500 4782.500
2516.500 5332.500
2973.500 5939.833
3260.167 6334.500
3902.500 6703.500
3733.500 6836.500
3816.500 7011.500
3953.500 7196.500
3977.500 7240.500
4210.833 7569.167
4333.500 7577.167
7028.167 9370.500
7119.000 9090.000
6913.833 8215.500
6471.500 6848.833
6483.500 6778.167
6422.167 6589.500
6328.167 6366.167
5972.500 5873.833
5423.167 5410.500
5208.167 5600.167
4818.833 5096.167
4590.500 4928.500
3564.500 3936.500
3124.500 2872.500
3469.500 2744.500
3132.500 2008.500
2432.500 1940.500
ID=Mesoplodon_europaeus_NMNH_USNM_571377.jpg

LM=31
321.500 399.833
316.500 401.625
305.438 411.438
273.500 429.500
244.500 441.167
222.833 446.500
202.000 453.750
168.167 486.500
161.833 484.333
149.667 497.667
136.167 503.167
134.833 510.667
124.333 515.333
122.333 522.667
91.833 568.750
97.625 599.750
128.667 599.417
199.750 573.500
205.500 574.250
220.375 555.875
225.375 549.625
225.000 523.125
222.625 497.875
217.000 496.125
237.812 491.344
247.833 485.167
262.000 475.833
296.167 458.833
322.833 443.000
341.000 430.875
346.875 424.000
ID=Mesosaurus_tenuidens_PIMUZ.jpg

LM=31
503 442
481.500 497.500
502.500 580.167
444.833 1065.500
430.000 1316.000
434.167 1944.833
386.833 2441.667
334.500 2627.500
291.500 2655.500
238.500 2727.500
178.500 2805.500
162.500 2861.500
120.500 3019.500
153.500 3146.500
260.500 3430.500
288.500 3517.500
440.500 3494.500
622.167 3277.167
706.833 3251.833
772.833 3195.833
755.500 3057.833
714.167 2933.167
630.833 2737.833
602.167 2701.167
654.500 2400.833
631.500 2152.500
631.500 1842.500
652.167 1485.167
693.500 1195.167
804.750 626.375
528.167 149.833
ID=Micoureus_demerarae__YPM_MAM_006784_planform_zeug.JPG

LM=31
1098 290
1086.167 344.167
1045.500 370.167
1059.500 434.833
1118.167 557.167
1189.500 872.500
1185.500 972.500
1240.500 1029.000
1203.000 1053.000
1205.000 1106.500
1193.500 1145.500
1178.000 1188.000
1173.500 1221.500
1185.500 1260.000
1268.000 1396.000
1393.000 1418.000
1494.833 1321.833
1522.500 1179.000
1525.500 1120.500
1493.833 1101.500
1464.167 1062.167
1427.833 1040.167
1397.500 1004.250
1362.500 1004.000
1374.500 910.167
1308.500 756.167
1291.167 690.500
1237.500 548.500
1196.500 423.000
1121.167 219.500
1039.333 203.167
ID=Monodon_monoceros_YPM_MAM_013636.jpg

LM=31
964 1204
870.500 1249.500
837.500 1335.500
702.167 1564.833
575.500 1864.833
472.833 2078.167
364.833 2286.167
282.833 2636.833
219.500 2665.500
154.833 2807.500
131.500 2871.500
144.167 3091.500
124.833 3248.833
89.500 3400.167
370.750 4213.750
763.500 4027.500
870.500 3792.500
1010.500 3535.500
1059.000 3499.000
1055.500 3440.500
1073.500 3293.500
1029.500 3171.500
1072.000 3076.000
1061.500 2933.500
1093.500 2490.500
1092.500 2355.500
1173.500 1991.500
1315.500 1732.500
1427.500 1585.500
1456.167 1517.500
1426.500 1476.500
ID=Moloch_horridus.jpg

LM=31
93.375 494.750
79.500 520.625
72.000 546.375
66.667 594.667
58.333 633.833
55.000 640.167
47.833 672.167
48.500 708.000
41.000 715.875
38.125 723.875
36.750 731.000
34.917 735.667
33.417 747.500
37.417 757.917
30.167 792.833
41.000 814.667
77.250 807.750
103.750 760.500
107.000 750.833
111.833 743.500
113.000 727.333
113.167 719.333
117.000 703.500
119.000 692.500
124.000 660.333
124.333 644.667
132.500 617.833
144.000 577.000
159.667 542.333
166.333 526.167
151.833 510.417
ID=Neusticosaurus_peyeri_T3449.jpg

LM=31
246.833 298.833
234.500 315.833
237.500 325.000
254.750 356.125
266.833 372.500
279.333 391.333
297.167 423.333
311.333 437.667
312.500 445.167
317.167 448.167
321.000 451.333
323.167 455.833
328.333 463.000
332.167 468.333
364.833 499.000
395.000 510.833
417.417 504.500
407.312 450.375
403.312 443.688
396.500 437.562
390.167 426.667
375.500 414.833
365.375 401.500
356.500 406.500
345.375 380.250
333.125 369.625
322.625 355.000
306.333 324.500
297.167 299.667
290.000 278.500
271.833 275.833
ID=Neusticosaurus_peyeri_T5851.jpg

LM=31
371 448.500
331.500 491.000
384.000 600.500
359.000 791.000
327.500 1107.500
308.500 1725.500
282.833 1998.500
309.500 2166.500
281.500 2223.833
295.500 2262.500
281.500 2327.833
269.500 2451.500
250.833 2520.833
295.500 2584.833
302.833 2978.500
599.833 3067.833
768.833 2935.500
872.500 2777.000
898.500 2723.500
825.500 2593.500
790.167 2470.833
714.500 2256.833
711.500 2153.500
653.500 2075.500
660.833 2012.167
533.500 1611.500
543.500 1272.500
594.000 747.000
525.500 299.500
506.500 185.500
362.500 81.500
ID=Ochotona_collaris__YPM_MAM_14834_planform.JPG

LM=31
2068.500 853.167
1994.833 932.167
2078.500 1179.833
2137.875 1934.625
2155.167 2463.333
2085.250 2938.250
2025.250 3126.500
2006.000 3465.000
1978.500 3474.500
1985.833 3505.833
1988.500 3540.500
1952.500 3587.167
1934.500 3605.833
1940.500 3657.833
1678.500 4219.833
1898.167 4594.833
2156.500 4570.500
2491.000 4267.500
2574.000 4248.000
2569.000 4192.000
2615.000 4129.500
2523.500 3864.500
2499.500 3750.500
2459.500 3368.500
2459.000 3114.000
2398.500 2992.500
2359.500 2676.167
2386.167 2092.500
2354.167 1207.833
2235.833 641.833
1927.500 318.000
ID=Octodon_degus__YPM_MAM_15316_planform.JPG

LM=31
788 353.500
718 439.000
656.833 681.167
599.500 809.167
520.500 957.500
477.500 1014.500
434.500 1071.500
477.500 1325.500
411.500 1353.500
420.500 1397.500
369.500 1488.500
346.500 1552.500
333.500 1604.500
345.500 1654.500
455.500 1800.500
560.833 1826.167
720.833 1791.500
861.500 1581.500
864.500 1553.500
860.500 1539.500
847.500 1511.500
830.500 1476.500
835.500 1421.500
805.500 1370.500
842.500 1209.500
841.167 1153.167
852.833 1037.500
892.167 911.167
895.167 756.167
954.167 462.500
961.500 419.167
ID=Pelusios_niger.jpg

LM=31
1636 191
1567.500 193.833
1468.833 229.167
1412.167 252.833
1232.833 363.500
1099.833 465.167
973.167 542.500
812.167 862.833
725.500 859.500
646.500 956.500
581.500 1041.500
495.500 1166.500
450.500 1249.500
413.500 1370.500
88.000 2966.000
376.167 2565.667
903.500 1960.000
1381.500 1542.833
1431.500 1495.500
1462.500 1324.500
1465.000 1309.500
1440.500 1268.500
1431.000 1225.000
1365.000 1225.500
1501.167 1072.167
1510.833 917.500
1576.167 780.167
1692.167 700.167
1806.833 718.833
1884.167 644.167
1904.000 541.250
ID=Peponocephala_electra__NMNH_CJH007_img1.jpg

LM=31
1213.500 1362.500
1168.500 1465.500
1235.500 1620.500
1155.500 1840.500
1030.167 2089.833
878.500 2314.500
887.500 2628.500
989.500 3092.500
926.500 3249.500
955.500 3506.500
974.500 3800.500
1033.500 4079.500
1181.500 4469.500
1327.500 4453.500
1697.500 4273.167
2016.500 4065.500
1982.167 3926.833
2122.167 3388.167
2105.500 3309.500
2068.833 3292.833
2005.500 3210.833
1955.333 3106.000
1842.167 2969.167
1552.000 2876.000
1641.500 2454.500
1576.500 2214.500
1591.500 1890.500
1682.500 1615.500
1861.500 1443.500
1788.500 1171.500
1651.500 991.500
ID=Phoca_vitulina__YPM_MAM_6928__forefoot.JPG

LM=31
1376 1114
1325.500 1117.500
1295.500 1143.500
1230.500 1222.500
1088.167 1336.500
976.167 1443.167
886.833 1509.500
850.500 1564.500
782.500 1594.500
751.500 1677.500
729.500 1727.500
734.500 1784.500
707.500 1837.500
669.500 1869.500
610.500 2142.500
520.500 2316.500
562.500 2429.500
859.500 2254.500
919.500 2258.833
980.833 2142.833
1063.500 1994.833
1160.833 1872.167
1158.167 1837.500
1154.167 1776.167
1260.500 1645.500
1259.000 1624.000
1289.167 1543.833
1329.167 1491.833
1463.000 1338.500
1497.000 1221.000
1429.000 1151.500
ID=Pginsburgi_JME-MOE_170.jpg

LM=31
726 1548
607.500 1641.500
580.500 1736.500
505.500 1925.500
478.500 2243.500
526.500 2633.500
511.167 2708.167
673.500 3405.500
625.500 3450.500
631.500 3544.500
628.500 3619.500
692.500 3817.500
731.500 3924.500
776.500 3963.500
1915.500 5415.833
2072.833 5262.167
1941.500 4047.500
2066.500 3358.500
2041.833 3320.167
1896.500 3164.167
1857.833 3113.500
1792.500 3089.500
1708.500 3135.500
1664.500 3222.167
1571.500 2699.833
1418.500 2452.500
1332.500 2172.500
1367.500 1899.500
1528.500 1735.500
1554.500 1629.500
1478.500 1560.500
ID=Phocoena_phocoena_NMNH-USNM_550042.jpg

LM=31
850 1150
734.500 1196.500
694.500 1322.500
606.500 1495.500
541.500 1888.500
562.500 2317.500
531.500 2432.750
695.750 3038.750
632.500 3093.000
623.500 3278.500
659.833 3480.833
699.167 3598.833
752.500 3789.500
827.167 3981.500
2120.000 5892.000
2242.167 5724.167
2227.167 4293.500
2388.500 3378.167
2403.500 3354.500
2356.500 3124.500
2290.500 3094.500
2180.500 2917.500
2057.500 2785.500
1832.500 2978.500
1869.750 2463.000
1636.500 2146.500
1507.167 1745.833
1613.167 1515.833
1775.167 1406.500
1762.500 1292.500
1677.833 1237.167
ID=Phocoena_phocoena_NMNH-USNM_550312.jpg

LM=31
325.833 514.833
275.500 596.500
255.000 709.000
245.500 768.500
248.833 854.167
232.500 1008.500
242.500 1095.500
340.500 1282.500
337.000 1330.500
372.500 1410.500
382.500 1464.500
435.167 1534.833
455.167 1568.167
489.500 1587.500
1131.000 1925.125
1117.167 1768.167
1050.500 1372.500
999.167 1025.500
989.167 961.833
960.500 943.500
927.167 938.500
909.833 944.833
890.500 955.167
880.167 1019.167
884.750 841.250
796.500 817.500
706.500 761.500
744.500 636.500
777.500 622.500
801.500 559.500
767.500 520.500
ID=Phocoenoides_dalli_SDSNH_20270

LM=31
506 1450
436.833 1582.833
351.500 1861.500
325.500 2044.500
334.500 2282.500
336.500 2499.500
311.500 2646.500
479.500 3158.833
501.500 3307.500
555.500 3438.833
571.500 3584.500
644.500 3740.500
714.500 3850.500
796.875 3988.500
2266.500 5032.500
2344.500 4650.500
2228.167 3604.500
2283.500 2595.833
2229.500 2552.500
2195.500 2565.500
2007.500 2479.500
1918.167 2498.167
1831.500 2567.500
1818.833 2787.167
1918.167 2362.833
1848.500 2301.000
1596.500 2273.000
1435.500 2092.500
1483.500 1752.500
1682.500 1557.500
1664.500 1468.500
ID=Phocoenoides_dalli_NMNH-USNM_504417_Radiograph_001.jpg

LM=31
1660 681
1525.167 781.167
1590.500 939.833
1594.500 1203.833
1583.833 1411.167
1586.500 1579.167
1588.750 1773.750
1659.500 1852.500
1629.500 1909.500
1624.500 1998.500
1571.500 2135.500
1559.500 2185.500
1472.167 2365.500
1440.833 2410.167
1625.167 2781.167
1998.000 3015.500
2084.000 3020.500
2131.500 2629.500
2144.000 2604.500
2127.500 2495.500
2134.000 2405.000
2118.500 2197.500
2114.833 2112.833
2006.833 1862.833
2022.167 1670.833
1992.167 1625.833
1920.500 1441.500
1891.500 1149.500
1878.167 825.167
1854.167 682.167
1757.500 540.500
ID=Physignathus_leseurii.jpg

LM=31
2883 1553
2644.500 1609.500
2657.500 1815.500
2561.500 1926.167
2408.500 1918.500
2202.833 1884.833
2088.167 2034.167
2019.500 2804.500
1807.500 2864.500
1483.500 3384.500
1387.500 3712.500
1131.500 4520.500
1187.500 5532.500
1315.500 6177.500
2080.500 7444.833
2762.500 7774.500
3172.500 6884.500
3621.500 6318.500
3599.500 5826.500
3589.500 5282.500
3578.833 5178.167
3630.500 4353.500
3654.500 3753.500
3438.833 3532.833
4241.500 2964.500
4203.500 2820.500
4131.500 2690.500
4209.500 2538.500
4211.500 2470.500
4385.500 2294.500
3989.500 2011.167
ID=Platecarpus_sp.jpg

LM=31
528 822.500
494 811.500
450.500 827.000
452.500 856.500
424.000 876.000
397.500 875.500
360.500 908.000
376.167 1104.833
235.000 1223.500
194.500 1297.500
125.500 1522.000
120.500 1714.500
111.500 1844.167
108.833 1943.500
280.000 2280.500
449.500 2254.000
657.125 2047.375
928.000 1811.500
973.250 1769.250
1006.500 1700.000
1046.500 1531.500
1011.167 1394.833
988.500 1338.167
852.000 1230.500
889.500 1064.000
858.000 1019.000
844.500 993.500
850.500 955.000
879.500 905.500
855.000 863.000
809.000 843.500
ID=Platecarpus_tympaniticus_FHSM_VP_322.jpg

LM=31
2069 1596
1870.500 1508.500
1752.500 1522.500
1788.500 1630.500
1722.500 1630.500
1636.500 1604.500
1560.500 1690.500
1142.500 2008.833
901.167 2372.833
775.833 2862.167
763.833 3276.833
783.833 3611.500
825.167 3851.500
899.833 4202.167
1536.500 4673.500
1903.000 4560.500
2133.167 4463.167
2362.500 3716.833
2425.500 3569.167
2448.167 3347.500
2439.167 3054.167
2444.500 2604.833
2433.833 2328.833
2310.833 2268.167
2365.833 2204.500
2494.500 2158.500
2432.500 2039.833
2423.833 1981.833
2505.167 1885.833
2483.167 1772.500
2408.500 1715.833
ID=Platecarpus_tympaniticus_KUVP_1007.jpg

LM=31
417 1301
357.167 1375.500
357.833 1460.167
375.167 1656.833
422.500 1868.500
455.167 2017.833
457.167 2163.167
769.167 2847.500
734.500 2866.833
733.167 2910.833
756.000 2947.000
784.500 3004.000
806.500 3024.000
839.500 3025.000
2134.500 4026.833
2343.500 3671.500
2584.000 2985.000
2479.500 2158.500
2450.500 2072.500
2277.167 1894.833
2179.167 1853.500
1940.833 1769.167
1690.167 1731.833
1608.833 1873.167
1538.500 1697.500
1462.500 1639.500
1275.500 1571.500
1171.500 1490.500
1105.500 1370.500
1088.833 1240.833
1008.500 1178.500
ID=Pontoporia_blainvillei_NMNH_USNM_501169.jpg

LM=31
606 1481
493.500 1606.167
467.500 1783.500
467.500 1923.500
470.500 2101.500
461.500 2288.500
441.500 2392.500
673.500 3148.500
650.500 3162.500
629.500 3196.500
634.500 3236.500
658.500 3295.500
675.500 3364.500
713.500 3404.500
2021.500 4504.500
2194.167 4194.500
2284.833 3393.833
2542.000 2645.500
2525.500 2601.500
2324.167 2416.167
2252.833 2383.500
2060.833 2274.500
1833.500 2189.167
1740.167 2309.833
1668.833 2035.500
1572.500 1988.500
1468.500 1923.500
1403.500 1838.500
1361.500 1713.500
1370.833 1534.500
1259.500 1510.833
ID=Pontoporia_blainvillei_NMNH_USNM_501176.jpg

LM=31
579.250 296.750
544.750 292.250
517.833 326.833
495.167 348.167
470.875 365.625
450.500 382.167
428.562 397.719
442.250 442.000
434.500 428.000
408.250 411.000
383.042 376.792
342.750 366.625
341.125 360.500
278.833 348.500
235.917 528.500
255.375 662.583
429.375 757.469
564.250 681.000
562.500 662.000
556.500 624.500
535.750 606.500
521.500 572.250
501.250 528.750
489.000 479.500
526.333 462.417
540.167 433.833
562.833 396.500
597.000 344.500
611.250 321.125
620.000 300.250
615.125 269.500
ID=Ptychozoon_manus_DV__YPM_HERR_014447_.PNG

LM=31
202 576
215.500 642.500
222.833 697.833
228.833 753.833
238.167 809.167
249.500 860.500
261.250 889.250
259.000 953.500
287.500 951.750
307.750 986.750
346.750 1015.750
366.500 1023.167
431.500 1071.167
428.833 1100.833
411.250 1282.000
417.125 1399.188
378.125 1439.250
241.333 1261.167
228.667 1257.167
219.833 1231.167
180.500 1191.500
157.625 1120.125
170.750 1095.250
132.500 1005.000
106.250 963.750
110.750 931.500
120.750 876.750
136.500 831.250
146.167 714.167
140.167 578.833
167.667 497.500
ID=Saniwa.jpg

LM=31
206 242
199.500 256.167
204.833 356.167
191.500 495.500
177.500 618.167
159.500 738.167
146.625 816.375
178.833 874.167
146.167 903.500
162.167 986.833
131.500 1042.833
145.500 1113.500
193.500 1189.167
212.167 1230.833
371.833 1474.833
519.000 1724.000
564.000 1752.000
502.000 1356.000
505.500 1225.500
495.500 1193.500
471.500 1098.500
467.500 1051.500
441.833 926.833
420.333 909.333
424.000 768.000
401.500 708.000
386.000 584.000
400.500 370.000
408.000 312.000
399.500 198.167
356.167 98.167
ID=Shinisaurus_crocodilurus.jpg

LM=31
487 572
469.500 637.167
478.167 690.500
475.500 745.500
470.500 805.500
458.500 857.500
436.250 912.250
434.167 957.167
408.167 971.833
386.500 1004.833
349.500 1036.833
339.500 1064.167
307.500 1099.500
310.833 1115.500
286.833 1228.167
298.833 1335.500
322.833 1361.500
431.833 1244.333
440.333 1239.333
457.833 1182.500
471.000 1171.000
511.500 1118.500
557.750 1032.250
544.250 1005.750
577.333 937.500
570.500 880.167
567.167 798.667
575.500 679.167
570.000 612.000
555.500 587.500
522.500 552.500
ID=Sphenodon_punctatus.jpg

LM=31
991.750 1095
901.750 1169.250
732.500 1462.500
679.500 1569.500
607.500 1814.500
569.500 1966.500
442.500 2226.500
449.667 2826.833
404.667 2849.500
354.667 2908.500
350.333 2968.000
346.500 3150.500
358.167 3441.667
427.250 3492.750
2366.000 5579.000
1934.000 5166.000
1710.750 3741.750
2039.833 2864.833
2044.500 2813.500
2030.500 2790.500
1844.500 2603.500
1809.000 2609.500
1777.500 2621.500
1695.500 2701.000
1731.500 2366.500
1554.833 2060.500
1520.167 1885.833
1573.500 1718.500
1881.500 1560.500
1842.500 1445.500
1753.000 1313.500
ID=Stenella_attenuata_NMNH_USNM_550016.jpg

LM=31
709 1099
622 1256.500
582.500 1398.500
559.000 1504.000
559.500 1697.500
501.500 2072.500
419.833 2240.500
550.500 3078.500
498.500 3151.500
536.500 3250.500
538.500 3346.500
608.500 3548.500
675.500 3719.500
747.833 3785.500
2238.833 5518.500
2012.500 5071.167
1790.500 3662.500
2088.833 2733.167
2074.167 2696.167
1891.833 2612.500
1861.167 2569.167
1821.167 2547.833
1784.500 2543.833
1686.500 2667.500
1639.167 2207.500
1468.500 2035.833
1392.500 1730.500
1498.500 1554.833
1662.500 1450.833
1621.833 1319.500
1507.750 1195.000
ID=Stenella_attenuata_NMNH_USNM_550017.jpg

LM=31
1174.833 496.500
1139.500 511.833
1126.833 549.833
1060.833 742.833
1051.500 870.833
1051.000 932.000
1032.500 1051.500
1062.000 1269.500
1036.750 1285.250
1049.000 1365.000
1038.000 1420.000
1036.000 1441.500
1042.500 1500.000
1068.500 1577.500
1591.250 2506.250
1582.250 2315.500
1593.125 1758.250
1686.000 1276.500
1678.833 1261.500
1608.167 1205.833
1587.167 1190.833
1576.500 1169.833
1540.167 1192.833
1502.125 1241.875
1535.375 1023.062
1458.000 922.500
1434.000 845.500
1457.500 727.000
1542.000 702.500
1548.500 647.500
1492.938 561.750
ID=Stenella_coeruleoalba_NMNH_13-SCO_left.jpg

LM=31
1191.500 2240.500
1140.500 2262.500
1055.500 2406.500
876.000 2964.500
832.833 3138.167
739.500 3526.167
703.500 3686.167
786.500 4250.500
741.500 4252.500
685.833 4285.833
672.500 4325.167
658.500 4392.500
669.167 4563.500
677.833 4623.500
1578.000 7335.000
1561.000 6804.500
1717.500 5345.250
2225.500 4444.000
2216.333 4421.833
2197.500 4420.500
2041.500 4241.833
2000.833 4199.167
1972.833 4185.833
1899.500 4219.167
1980.500 3714.000
1837.000 3436.500
1816.500 3202.000
1877.000 3006.000
2092.833 2896.167
2098.500 2774.000
2016.000 2529.000
ID=Stenella_coeruleoalba_NMNH_USNM_500841.jpg

LM=31
1690 1268
1581.500 1297.500
1535.500 1371.500
1423.833 1560.833
1186.833 1988.833
998.500 2427.500
820.500 2702.500
829.500 3375.167
700.167 3464.500
594.833 3652.167
571.167 3745.500
516.500 3970.833
505.833 4184.833
549.833 4360.833
1370.500 7352.500
1589.167 6582.167
2225.167 4849.833
2580.500 3794.833
2591.500 3754.500
2587.500 3720.500
2629.500 3585.833
2581.500 3526.500
2474.833 3563.167
2439.500 3623.833
2649.500 2886.833
2434.500 2660.500
2394.500 2356.500
2478.500 2184.500
2735.500 2097.500
2816.500 1965.500
2699.500 1693.500
ID=Stenella_frontalis_NMNH-USNM_500858.jpg

LM=31
290.500 1803.500
226.750 1865.500
206.500 1990.500
127.500 2632.500
126.500 2983.500
154.500 3278.500
157.500 3496.000
482.500 4557.500
352.500 4656.500
365.833 4964.167
411.875 5245.500
524.167 5637.167
561.500 5875.833
690.500 6035.167
3579.000 9030.834
2893.167 8090.833
2745.500 5358.500
3019.833 3545.833
2966.500 3340.500
2895.500 3326.000
2470.500 3415.500
2327.833 3470.167
2267.167 3583.167
2196.500 3916.833
2130.167 3075.167
1921.500 2939.833
1560.500 2514.500
1553.500 2343.500
1695.500 1967.500
1600.500 1807.500
1551.500 1713.250
ID=Steno_bredanensis_NMNH_USNM_550221.jpg

LM=31
718 1177
644.167 1195.167
601.500 1251.167
590.833 1360.500
652.167 1412.500
647.000 1447.000
547.000 1560.000
812.500 2290.833
724.500 2362.833
827.500 2610.500
1001.500 3005.500
1116.500 3259.500
1300.500 3499.500
1524.500 3671.500
1964.500 4307.500
2126.500 4293.500
2128.167 4290.833
2245.500 4094.833
2180.167 3913.500
2125.500 3609.500
1991.500 3286.500
1947.500 2870.500
1922.500 2010.500
1805.500 1617.500
1627.167 1251.833
1605.833 1190.500
1587.167 1149.167
1549.833 1102.500
1485.833 1065.167
1404.500 1063.833
1268.500 1107.833
ID=Stenopterygius_quadriscissus_YPM.jpg

LM=31
103.833 261.833
87.500 276.167
86.167 293.500
105.833 309.500
90.500 313.500
83.167 322.500
76.833 339.500
111.833 491.500
92.500 508.500
106.167 556.833
136.833 636.833
186.167 735.167
242.167 828.500
290.833 888.500
326.833 900.500
326.833 900.167
354.500 900.833
382.667 894.500
365.500 833.833
357.833 784.333
346.667 687.667
343.000 571.000
350.250 439.500
308.000 362.750
292.167 297.167
294.167 288.833
297.167 277.500
292.500 269.833
282.500 250.000
263.000 253.750
223.500 255.167
ID=Stenopterygius_quadriscissus.jpg

LM=31
1472 1584
1137.500 1723.500
1243.500 2007.500
1275.500 2293.500
1285.500 2646.500
1304.500 3125.500
1206.500 3376.500
1226.500 3637.500
1188.500 3666.500
1147.500 3714.500
1090.500 3766.500
1049.500 3833.500
1010.500 3895.500
936.500 4023.500
1111.500 4183.500
1808.167 4254.167
1937.500 4031.833
2226.500 3703.500
2204.250 3573.750
2163.500 3551.500
2138.500 3534.500
2118.167 3518.833
2017.000 3441.500
1941.750 3414.125
1925.250 3108.083
1910.500 3045.500
1870.667 2781.167
1802.500 2351.500
1740.500 1593.500
1533.500 1149.500
1242.750 880.750
ID=Tachyglossus_aculeatus__YPM_MAM_6799_planform.JPG

LM=31
1627.250 284.750
1550.500 243.000
1431.500 308.500
1280.500 412.500
1103.500 554.500
977.000 654.000
903.500 708.000
818.500 792.833
749.833 796.167
715.833 851.500
656.500 885.500
615.833 926.167
559.500 956.500
499.500 971.500
393.500 1169.500
306.500 1406.500
274.500 1616.500
299.500 1820.500
539.833 1666.833
599.000 1589.000
809.500 1474.167
922.833 1326.833
1042.833 1240.167
1012.167 1182.167
1245.500 905.500
1339.500 902.500
1388.500 813.500
1439.500 699.500
1538.500 583.167
1730.500 421.833
1743.833 317.833
ID=Thalassemys_bruntrutana__Joyce_ea2021_Fig2a.png

LM=31
694 445
680.500 465.500
667.167 620.167
629.833 750.167
529.500 1161.500
513.500 1493.500
485.000 1656.875
514.500 2022.833
469.500 2076.500
470.500 2138.167
456.500 2243.833
463.833 2355.167
459.167 2430.833
545.833 2587.500
733.500 3125.312
1543.000 3363.667
1784.500 3370.500
1781.833 2956.500
1905.375 2780.250
1912.750 2631.000
1842.542 2317.500
1681.500 2189.500
1159.500 1742.500
1039.500 1843.500
1052.167 1636.500
1000.833 1495.167
1005.500 1215.167
1058.167 893.833
1164.833 588.500
1252.833 279.833
1104.833 137.167
ID=Trichechus_senegalensis__YPM_MAM_006734_DV.jpg

LM=31
359 692
310.167 759.833
314.167 850.500
336.167 993.167
350.833 1081.833
392.167 1247.833
438.167 1434.000
601.250 1671.583
575.500 1706.000
571.438 1735.875
605.500 1792.000
635.750 1903.875
672.500 1973.167
690.833 2003.167
1997.000 2967.000
1851.375 2717.500
1436.750 1931.000
1399.750 1327.750
1393.750 1315.625
1385.000 1304.875
1375.125 1308.500
1262.000 1307.000
1168.500 1312.000
1135.500 1426.500
1068.500 1146.000
896.500 1043.500
806.500 912.500
802.500 804.500
883.500 743.500
864.500 659.500
747.500 552.500
ID=Tursiops_truncatus_NMNH_USNM_571204_left.jpg

LM=31
853 2226
812.500 2393.833
834.500 2687.167
875.833 3028.500
953.167 3407.167
1073.167 3754.500
1176.833 4222.167
1899.500 5061.500
1782.500 5090.500
1709.500 5205.500
1754.500 5301.500
1811.500 5445.500
1828.500 5579.500
1981.500 5683.500
6194.500 8616.500
5820.500 7908.500
4745.833 5765.167
4342.250 3679.250
4281.750 3632.250
4236.000 3640.500
3878.500 3766.500
3785.500 3707.500
3610.500 3744.500
3550.167 4034.833
3119.833 3165.500
2731.500 3019.500
2375.167 2659.167
2255.167 2291.833
2387.167 2111.833
2340.500 1929.833
2111.167 1777.833
ID=Tursiops_truncatus_NMNH_USNM_571269.jpg

LM=31
947.500 1206.500
900.000 1207.000
860.000 1296.000
761.167 1450.833
631.500 1509.833
576.833 1533.167
525.500 1576.500
465.500 2124.500
307.500 2194.500
369.500 2553.500
373.500 3096.500
423.500 3538.500
433.500 3843.833
599.500 4330.500
878.833 4755.500
1057.500 4888.000
1218.375 4943.750
1171.875 4491.000
1187.833 4425.167
1192.500 4204.500
1335.500 3630.500
1322.750 3272.500
1320.500 2550.833
1223.167 2237.167
1078.500 2079.500
1141.500 1965.500
1208.167 1862.833
1356.167 1772.167
1436.167 1718.833
1459.500 1603.500
1345.500 1503.167
ID=Tylosaurus_proriger.jpg

LM=31
1295 628
1225.500 784.833
1261.500 855.500
1266.833 1116.167
1246.833 1455.500
1221.500 1648.167
1187.833 1731.500
1315.000 1901.500
1227.000 1926.500
1245.500 2012.500
1192.000 2212.500
1211.833 2271.500
1211.500 2463.167
1226.167 2523.167
1410.167 2882.833
1689.167 3103.500
1831.167 3127.500
1876.000 2564.500
1877.000 2546.000
1842.500 2403.500
1782.833 2203.500
1778.833 2136.833
1722.833 1911.500
1696.167 1877.667
1681.250 1657.875
1637.833 1521.167
1586.500 1289.833
1558.500 979.167
1562.500 723.500
1574.667 541.667
1458.000 355.250
ID=Uromastyx_aegyptia_YPM_R_11161.jpg

LM=31
2054.500 1101
1964.000 986.500
1861.000 1055.500
1552.833 1148.500
1375.500 1189.000
1300.500 1198.000
1231.167 1209.750
1139.000 1276.750
1119.500 1240.750
1072.250 1258.500
946.000 1226.000
916.500 1227.500
823.500 1199.500
790.500 1177.000
510.667 1373.333
449.833 1799.167
567.000 2086.500
990.167 1999.500
1003.500 1982.500
1046.500 1870.833
1058.167 1808.167
1132.250 1721.500
1221.750 1579.500
1216.500 1557.500
1367.333 1530.833
1431.000 1481.000
1520.500 1425.750
1825.250 1308.125
1969.500 1278.833
2068.833 1249.833
2186.500 1158.250
ID=Uromastyx_aegyptia.jpg

LM=31
2441 935
2351.833 888.500
2317.833 959.833
2148.500 1101.833
1881.500 1277.500
1595.500 1453.500
1459.750 1522.500
1402.500 1627.000
1372.500 1632.000
1281.500 1733.833
1164.833 1768.500
1098.167 1888.500
1052.167 1923.167
1046.833 2018.500
928.167 2371.833
932.875 2662.250
1061.250 2718.750
1246.375 2472.750
1296.750 2462.250
1317.333 2416.417
1404.250 2369.438
1545.000 2226.500
1681.000 1995.000
1652.000 1944.500
1761.500 1864.833
1838.833 1824.167
1976.500 1651.500
2104.000 1519.000
2352.667 1309.667
2554.000 1192.500
2687.917 964.583
ID=Uromastyx_maliensis.jpg
