LM=15
187.083 189.083
182.083 192.833
183.583 210.417
182.500 216.417
182.417 217.083
174.500 233.062
243.000 281.083
278.500 287.000
299.833 277.667
285.000 248.667
284.000 241.667
238.000 206.500
234.500 201.667
224.667 193.000
214.833 193.000
ID=Abronia_graminea_USNM_113198.tif

LM=15
305.500 178
303.167 180.500
296.333 203.000
290.667 209.333
290.000 210.000
272.500 228.167
316.333 255.667
344.750 338.750
397.250 312.250
394.500 220.250
393.250 205.750
384.000 193.250
376.500 184.250
361.500 170.750
349.250 170.750
ID=Abronia_graminea_UUSNM_113199.tif

LM=15
233.500 301.167
228.167 302.833
210.833 326.167
202.833 341.500
201.500 343.500
190.500 369.833
172.833 455.167
189.500 512.167
223.167 525.167
295.500 446.250
299.583 416.333
290.375 355.750
285.000 341.833
281.500 318.833
278.167 315.167
ID=Acanthocercus_annectens__USNM_589397.tif

LM=15
257.500 683.167
250.833 683.833
216.500 716.500
198.000 741.500
197.500 742.125
195.562 752.375
178.750 856.000
227.875 916.500
310.167 927.500
380.833 851.500
386.833 844.167
377.125 785.875
378.875 774.875
380.312 736.625
374.500 723.750
ID=Adelosaurus_sp__NEWHM_G26_49.tif

LM=15
1204 592
1182.833 646.167
1165.833 965.500
1154.500 1032.833
1154.833 1034.833
1226.750 1355.500
1160.500 1860.000
1243.500 2239.833
1533.167 2282.833
1664.833 1750.500
1707.500 1550.500
1693.500 1199.167
1678.167 1097.833
1632.500 648.000
1580.500 599.833
ID=Amblyonyx_cinerea__AMNH_106626__forelimb_autopods_DV.tif

LM=15
477.500 2090.167
477.500 2109.500
496.562 2216.250
504.500 2245.833
504.833 2246.667
566.833 2347.167
628.000 2471.000
728.000 2470.500
793.000 2425.500
780.000 2343.000
777.875 2266.000
744.625 2177.875
726.375 2141.125
668.333 2026.000
641.500 2022.000
ID=Antechinus_flavipes__YPM_MAM_1196_planform_hum1.tiff

LM=15
0.852 0.584
0.822 0.569
0.769 0.602
0.687 0.676
0.685 0.677
0.668 0.709
0.680 0.878
0.719 0.990
0.804 1.037
0.929 1.027
0.981 0.965
1.020 0.884
1.021 0.882
1.078 0.752
1.083 0.723
ID=Askeptosaurus_italicus__T4846.tiff

LM=15
1378 2525.500
1360 2537.500
1297.500 2795.500
1279.000 2822.500
1279.000 2825.500
1247.000 3130.000
1349.500 3649.000
1525.500 3893.000
1784.500 3835.500
1949.000 3544.000
2006.500 3436.000
2007.500 3432.500
1976.833 3149.167
1934.500 2766.833
1900.000 2705.000
ID=Atherurus_macrourus__AMNH_117640__forelimb_zeugoautopod_DV__pic1.tif

LM=15
693 2332.500
678.500 2504.000
788.000 2706.000
830.500 2773.500
831.000 2774.500
977.500 3039.500
1389.167 4074.167
2087.000 4587.500
1787.500 3837.333
1669.667 3246.667
1661.833 3056.167
1597.833 2745.167
1564.500 2659.500
1369.500 2355.500
1343.167 2353.833
ID=Chelonia_mydas__FMNH_22066.tif

LM=15
574.500 898.250
557.750 910.750
551.250 975.250
556.250 1029.750
560.750 1048.000
574.250 1092.500
649.000 1283.750
669.167 1265.167
769.833 1220.500
799.167 1125.167
801.167 1103.167
800.500 1102.167
791.000 1037.750
797.000 995.000
785.000 974.000
ID=Chelus_fimbriatus_YPM_R_11225.tif

LM=15
693.500 630
620.500 669
490.500 1049.833
450.833 1160.167
194.167 1469.500
182.833 1655.500
687.500 2276.750
691.500 2277.500
1059.000 2266.000
1565.500 1857.500
1654.833 1613.500
1515.833 1252.500
1466.833 1117.167
1358.500 754.167
1265.167 737.500
ID=Choeropsis_liberiensis__AMNH_202423__autopods_DV.tif

LM=15
286.250 1016.750
260.500 1035.750
261.500 1076.500
262.750 1113.250
263.000 1114.500
264.750 1155.500
324.000 1265.000
436.500 1329.000
527.167 1355.833
513.667 1177.500
529.167 1166.333
521.667 1109.000
497.500 1039.167
454.833 984.833
440.833 984.833
ID=Claudiosaurus_germaini__MNHN_MAP1a_1978_6_1a.tif

LM=15
349 1880
316.500 1906.500
254.500 2095.500
237.500 2187.500
236.500 2194.500
260.500 2250.500
353.500 2340.500
646.000 2395.500
797.500 2417.500
979.500 2343.500
980.500 2129.500
978.500 2122.500
953.833 2065.500
911.500 1975.167
822.500 1968.500
ID=Condylura_cristata__AMNH_48051__forelimb_zeugoautopod_pic1.tif

LM=15
889.250 1237.500
839.750 1223.750
731.000 1332.833
705.000 1582.250
704.750 1583.750
726.500 1599.750
678.167 1833.833
688.000 1966.250
715.167 1950.833
885.250 1695.500
926.000 1672.250
991.375 1550.625
1030.750 1428.875
1037.833 1317.333
1033.167 1300.667
ID=Corytophanes_cristatus__YPM_R_15185.tif

LM=15
1021 956.500
976.500 954.000
892.167 1097.833
838.167 1213.167
838.500 1215.500
849.167 1286.167
950.750 1385.750
953.500 1385.500
1236.500 1354.500
1375.000 1141.667
1376.000 1089.833
1330.500 998.833
1328.000 978.500
1231.333 825.167
1210.833 830.833
ID=Cryptobranchus_alleganiensis__YPM_A_11881.tif

LM=15
397.500 1752.500
295.375 1719.625
244.833 1809.500
235.500 1812.500
235.000 1815.000
195.750 1941.000
232.000 2047.000
339.167 2065.500
421.500 2039.500
518.500 1952.500
542.500 1927.500
538.500 1882.500
545.000 1872.667
550.333 1849.333
538.333 1840.833
ID=Cuora_galbinifrons__YPM_HER_R_17246.tif

LM=15
978 1714
921.833 1649.500
832.833 1722.833
741.500 1769.000
738.000 1770.500
695.833 1806.500
643.500 1948.500
740.500 2008.500
858.000 2050.000
1019.500 2015.500
1059.000 2025.000
1061.000 2023.750
1114.000 1976.000
1164.500 1951.500
1180.500 1932.500
ID=Cuora_galbinifrons__YPM_R_17245.tif

LM=15
543 2660
500.500 2751
638.000 3329.500
635.833 3510.833
636.833 3514.500
898.500 4341.500
1065.500 4180.000
1346.500 3870.500
1455.833 3617.833
1528.500 3341.167
1573.833 3148.500
1464.500 2748.500
1382.500 2580.500
1177.500 2403.500
1101.500 2394.833
ID=Cystophora_cristata__AMNH_100135__forelimb_zeugoautopods_DV.tif

LM=15
1229.167 1482.167
1220.500 1540.833
1470.667 1866.000
1529.333 1905.500
1531.333 1907.333
1938.000 2132.500
2011.500 2064.250
1966.375 1876.375
1882.375 1670.250
1803.750 1400.875
1801.375 1365.750
1778.833 1339.167
1613.000 1248.875
1436.167 1175.417
1392.125 1206.583
ID=Cystophora_cristata_USNM_593970_NMNH_04_CCR_07_foreflipper_merged.tif

LM=15
3480 1627
3347.833 1432.833
3017.167 1486.500
2585.500 1705.500
2580.500 1710.500
2297.500 2068.500
577.500 6690.500
1079.500 6618.500
3267.500 7284.500
6267.500 6702.500
6532.167 6540.833
6683.500 5546.500
6651.833 4707.500
6691.833 4346.167
6158.500 4021.167
ID=Delphinapterus_leucas_NMNH_USNM_571021.tif

LM=15
861.500 1334.500
790.750 1346.000
782.833 1381.833
803.500 1504.500
804.000 1508.000
887.250 1660.500
1718.250 2687.333
1656.333 2390.333
1539.333 1712.417
1548.333 1155.500
1537.167 1131.500
1533.500 1131.500
1437.500 1130.500
1393.000 1088.500
1346.167 1148.833
ID=Delphinus_delphis_NMNH_DDE13_left.tif

LM=15
690.500 1458.500
593.625 1517.875
615.250 1615.250
658.875 1726.375
743.500 1874.417
803.312 1918.438
1630.375 2642.375
1608.417 2431.417
1348.333 1803.500
1278.750 1187.000
1267.250 1166.500
1265.750 1166.750
1147.500 1135.500
1118.000 1132.500
1082.000 1170.500
ID=Delphinus_delphis_NMNH_IFAW12_029_left.tif

LM=15
465.833 1093.833
413.500 1096.500
409.833 1115.500
405.500 1203.167
423.833 1321.167
424.167 1337.500
789.000 2163.000
815.375 1999.500
869.833 1496.333
999.333 1108.333
992.000 1095.833
990.500 1096.167
947.500 1085.167
918.167 1027.833
895.500 1037.833
ID=Delphinus_delphis_NMNH_IFAW13_045_right.tif

LM=15
298.500 1293.250
200.000 1304.250
201.750 1338.500
179.500 1415.500
185.167 1593.167
200.833 1617.833
584.833 2865.333
615.000 2600.625
719.167 1883.500
916.500 1348.250
914.750 1321.000
913.167 1319.833
833.833 1257.167
799.250 1240.625
768.500 1254.500
ID=Delphinus_delphis_NMNH_IFAW13_052_right.tif

LM=15
763 2085
697.833 2154.500
617.000 2315.000
600.833 2344.333
600.500 2345.500
540.250 2535.500
531.833 2822.833
666.500 2941.500
1003.000 2861.000
1057.500 2605.000
1132.000 2418.500
1132.000 2416.000
1140.500 2369.500
1113.000 2177.000
1075.500 2160.000
ID=Didelphis_virginiana__YPM_MAM_010323

LM=15
583.833 933.500
549.000 965.500
562.500 2081.167
535.167 2260.833
513.000 2617.667
674.500 2683.500
809.833 2981.500
818.500 2980.500
1285.500 2856.500
1556.500 2471.500
1583.833 2350.167
1431.500 1997.000
1356.500 1877.833
1185.500 1101.500
1105.000 1064.000
ID=Dolichotis_sp__AMNH_48218__forelimb_autopods_DV__pic1.tif

LM=15
1874 404.500
1666.500 463.500
1322.500 847.500
1203.167 1004.833
836.500 1343.500
796.500 1407.500
852.500 2288.000
1050.500 2804.500
1906.500 3160.500
2291.500 3022.500
2556.500 2646.500
2570.833 2476.500
2804.500 1823.500
2963.500 1200.833
2900.500 911.750
ID=Enhydra_lutris__AMNH_90366__forelimb_autopod_DV.tif

LM=15
355.500 747
343.500 739.500
287.500 775.500
272.000 784.250
272.000 786.000
258.250 805.500
241.167 897.500
265.167 981.833
325.167 1030.833
426.500 971.750
433.000 963.000
435.500 929.500
433.083 903.083
426.167 851.500
417.667 846.667
ID=Eusaurosphargis__PIMUZ_A_III_4380.tif

LM=15
313 2773
220.500 2876
291.500 3477.500
461.500 3867.500
469.500 3873.500
907.167 4277.167
1089.250 4245.000
1133.000 4080.833
1193.333 3913.333
1220.167 3764.500
1265.500 3508.500
1263.500 3420.500
1167.500 2846.500
971.500 2570.500
863.500 2572.500
ID=Halichoerus_grupsus__AMNH_100191__forelimb_zeugoautopods_DV.tif

LM=15
1535 1765
1463.500 1781.500
1231.167 2138.500
1208.167 2222.833
1206.167 2227.500
1091.500 2600.167
1307.500 2992.167
1491.000 3144.000
1814.167 3020.167
2001.500 2834.500
2089.500 2601.833
2104.833 2529.167
2112.167 2181.833
2031.500 1891.167
1960.500 1864.500
ID=Heloderma_suspectum__YPM_R_17984.tif

LM=15
613 680
584.500 681.167
457.833 787.833
365.167 847.833
227.500 924.500
209.500 957.500
121.500 1132.500
124.500 1139.500
239.500 1213.500
648.750 1035.250
672.000 976.500
672.500 974.000
676.167 955.500
747.500 851.500
743.167 815.167
ID=Heterodontosaurus_sp__SAM_PK_K1332.tif

LM=15
791 2841
697.500 2873.500
661.500 3341.500
634.500 3578.500
553.500 3909.500
531.500 4065.500
1076.167 4430.167
1080.500 4430.500
1362.500 4290.500
1582.500 3928.167
1695.833 3699.500
1668.500 3575.000
1600.500 3203.500
1556.167 2875.167
1505.500 2766.500
ID=Hippopotamus_amphibius__YPM_MAM_007461_DV.tif

LM=15
1517 2297
1480.833 2304.500
1411.250 2513.000
1425.833 2783.167
1425.833 2786.500
1479.833 2828.500
1542.500 3144.500
1671.500 3296.500
1733.833 2987.500
1780.500 2991.500
1823.167 2971.500
1856.167 2770.167
1866.500 2562.250
1820.500 2341.833
1812.500 2327.833
ID=Hydrosaurus_amboinensis__YPM_R_11348.tif

LM=15
231.500 698.833
232.833 722.833
261.167 745.167
276.500 766.500
549.500 923.000
566.833 919.667
718.500 1023.500
756.500 1029.500
759.500 1027.833
767.500 1003.833
768.833 989.167
493.500 577.500
483.750 528.750
480.500 506.750
456.750 480.750
ID=Ichthyosaur_sp__HMNS_PV_1481.tif

LM=15
878 2184
721 2269.500
726 2323.500
727 2432.000
1303.500 4775.500
1342.167 4801.500
1434.167 4996.833
1595.500 5119.500
1685.500 5005.500
1693.500 4795.500
1733.500 4751.500
2061.833 2513.833
2067.167 2408.500
2085.833 2331.167
2048.500 2291.167
ID=Ichthyosaurus_sp__CM_25373.tif

LM=15
641.500 1803.167
565.500 1865.833
554.833 1916.500
559.500 2131.500
690.250 3672.500
742.250 3722.500
797.833 3838.500
938.500 3889.500
1219.500 4147.500
1589.500 3495.500
1640.500 3468.500
1793.500 1998.500
1728.500 1892.500
1754.500 1757.500
1620.000 1703.000
ID=Ichthyosaurus_sp__CM_30781.tif

LM=15
1654 3134
1642.833 3195.500
1751.500 3878.500
1774.500 3988.500
1778.500 3996.833
1857.167 4297.833
2194.500 4307.500
2201.500 4308.500
2387.500 3970.500
2324.833 3556.167
2328.833 3481.167
2301.500 3435.500
2220.500 3294.500
2096.500 3121.167
2037.833 3067.833
ID=Isoodon_obesulus__YPM_MAM_11210_planform1.tif

LM=15
2344 4770
2131.500 4983.500
2323.500 5373.500
2451.833 5582.833
2452.667 5584.667
2880.500 6046.500
6238.500 8901.500
6508.500 8550.500
6311.833 7192.500
6073.750 5366.750
6116.000 5249.000
5058.500 3404.500
4495.500 3328.500
4178.500 3269.500
3979.500 3625.833
ID=Kogia_breviceps_NMNH_USNM_550128.tif

LM=15
610.250 1773.750
592.333 1860.167
612.750 1910.000
672.167 2004.167
673.167 2005.500
785.167 2105.833
1753.000 2946.500
1850.250 2848.125
1790.000 2363.750
1741.125 1773.750
1747.250 1740.250
1408.000 1285.500
1284.500 1288.167
1222.500 1274.500
1158.500 1370.167
ID=Kogia_breviceps_NMNH_USNM_550859_right.tif

LM=15
2959.500 5206.500
2879.833 5300.500
3060.500 5742.500
3209.833 5950.167
3212.833 5953.500
3550.500 6339.500
6672.500 9281.000
6919.833 8902.500
6735.833 7205.833
6300.500 5163.500
6317.500 5018.500
5429.833 3839.500
4989.833 3753.500
4821.833 3722.167
4574.167 4087.500
ID=Kogia_breviceps_NMNH_USNM_571228.tif

LM=15
893 4252
625.167 4176.833
582.500 4660.500
576.833 4920.167
577.500 4922.167
765.500 5382.167
1329.000 8386.000
1856.833 8487.166
2385.500 7041.500
3219.500 5457.000
3317.000 5343.500
3222.500 4440.833
3006.500 4180.500
2865.167 3949.833
2459.833 4091.167
ID=Kogia_sima_NMNH_USNM_504221.tif

LM=15
405.833 4142.833
304.000 4197.500
250.250 4501.125
215.500 5093.833
225.750 5322.750
298.750 5617.125
1254.000 8009.000
1616.500 8021.167
2219.875 6703.000
3002.500 5271.000
3056.250 5208.000
2920.167 4306.167
2609.500 4020.500
2469.000 3920.667
2197.750 4114.500
ID=Kogia_sima_NMNH_USNM_550482.tif

LM=15
804.833 2829.833
627.500 2872.833
559.500 3008.833
570.167 3389.167
570.250 3391.625
738.750 3829.750
2161.500 7835.167
2092.833 6724.833
2424.500 4764.500
3156.167 3290.167
3148.000 3246.000
3146.000 3244.500
2999.500 3048.500
2890.167 2939.167
2555.500 3015.500
ID=Lagenorhynchus_acutus_NMNH_USNM_504152.tif

LM=15
625 2841
543.500 2896.500
522.000 3082.250
560.833 3368.167
638.167 3979.167
769.500 4219.750
2704.500 7430.500
2401.000 6548.500
2285.000 4609.000
2866.833 3298.500
2869.000 3215.000
2867.333 3214.500
2689.167 3018.500
2617.167 2930.500
2351.833 3029.167
ID=Lagenorhynchus_acutus_NMNH_USNM_504156.tif

LM=15
1010 3233
818.500 3298.500
796.500 3399.500
870.500 3797.500
873.500 3803.500
1031.500 4096.500
3086.000 7885.333
2840.833 6822.167
2775.500 4816.833
3339.833 3530.500
3339.833 3508.167
3337.833 3507.500
3052.500 3099.500
2923.500 3032.833
2812.500 3096.167
ID=Lagenorhynchus_acutus_NMNH_USNM_504162.tif

LM=15
756.833 988.500
724.167 998.500
680.833 1087.833
661.667 1149.667
661.500 1150.500
640.833 1296.167
594.083 2737.750
686.708 2462.083
1042.000 1682.750
1399.667 1368.333
1399.833 1354.500
1398.500 1354.000
1376.000 1275.000
1355.500 1219.000
1280.750 1221.500
ID=Lagenorhynchus_acutus_NMNH_USNM_571326_right.tif

LM=15
1736 3705
1597.500 3815.500
1573.500 3978.500
1608.500 4258.500
1760.500 4923.500
1808.167 4947.833
3646.000 8376.500
3533.500 7576.500
3413.500 5460.500
4065.000 4016.000
4049.000 3960.000
4044.833 3959.500
3838.167 3735.500
3774.167 3672.833
3500.500 3833.500
ID=Lagenorhynchus_acutus_NMNH_USNM_571389.jpg

LM=15
462.500 4095
335.500 4193.500
328.167 4340.833
355.750 4632.250
443.500 5179.000
535.000 5430.333
2795.500 8506.834
2511.750 7810.250
2300.167 5350.167
2955.167 4278.500
2924.000 4171.000
2703.500 3896.500
2406.500 3808.500
2248.500 3728.500
2053.500 4009.500
ID=Lagenorhynchus_obliquidens_NMNH_USNM_504412

LM=15
0.533 0.940
0.516 0.946
0.467 1.049
0.433 1.098
0.432 1.103
0.427 1.131
0.404 1.295
0.388 1.483
0.453 1.592
0.653 1.272
0.691 1.249
0.697 1.174
0.690 1.145
0.702 1.078
0.681 1.048
ID=Langobardisaurus_pandolfi__MFSN_1921.tiff

LM=15
1719.500 2892.500
1619.000 2837.000
1506.000 2963.000
1427.125 3088.750
1426.000 3091.000
1343.500 3271.500
485.000 5803.000
782.833 5486.500
1964.250 4288.500
2783.500 4089.250
2862.000 4051.750
2929.000 3818.500
2832.167 3663.167
2842.875 3541.875
2476.667 3494.667
ID=Lissodelphis_borealis_NMNH_USNM_550071.tif

LM=15
634 3410
588.167 3457.500
546.833 3610.500
538.167 3740.500
537.500 3745.167
550.833 3937.167
1248.833 6816.167
1246.833 6354.000
1690.167 4784.833
2299.500 4071.500
2351.000 3936.500
2286.167 3694.833
2124.833 3572.167
2078.833 3510.167
1772.833 3627.500
ID=Lissodelphis_borealis_NMNH_USNM_571322.tif

LM=15
507 303
468.500 299.500
431.500 409.500
401.500 474.500
400.500 479.500
317.500 669.500
317.250 1390.500
676.750 1567.000
973.333 1481.000
1293.750 1177.750
1268.500 969.500
1260.250 915.500
1106.500 603.833
1012.500 308.000
981.000 261.000
ID=Lophiomys_imhausi__AMNH_147455__autopods_DV.tif

LM=15
882 1978
788.500 2006.833
677.833 2524.167
599.167 2660.500
599.167 2669.833
561.833 2981.833
719.167 3956.167
1446.167 4240.167
1805.500 4240.500
2066.500 3493.500
2010.500 3192.167
1819.833 2685.167
1719.167 2474.500
1506.167 2045.833
1419.833 1931.167
ID=Lutra_sp__AMNH_201214__forelimb_autopods_DV.tif

LM=15
538.500 1492.750
531.250 1496.750
485.500 1560.833
450.000 1607.500
449.250 1608.750
445.000 1616.250
455.500 1711.500
548.500 1821.500
664.333 1782.500
748.500 1710.333
751.833 1692.167
737.167 1653.667
714.333 1574.333
699.500 1543.500
677.000 1528.500
ID=Macropus_rufus__YPM_MAM_00750.tif

LM=15
1313 1850
1276.500 1865
1260.500 1969.500
1241.375 2135.500
1236.500 2337.500
1263.500 2360.000
1308.500 2542.000
1475.500 2919.500
1668.500 2716.833
1733.500 2571.000
1762.500 2435.000
1760.500 2285.500
1770.500 2264.167
1759.167 2060.833
1737.500 2035.167
ID=Manis_tricuspis__YPM_MAM_11614_HumZeug_best2.tif

LM=15
3891 6708
3730.833 6837.500
3818.500 7014.500
3974.000 7237.500
3977.167 7241.833
4351.167 7561.333
7027.500 9370.833
7177.833 9137.833
6901.167 8221.167
6472.167 6847.833
6493.833 6803.833
5974.833 5879.500
5780.500 5662.500
5422.500 5404.500
5224.500 5564.500
ID=Mesoplodon_europaeus_NMNH_USNM_571377.tif

LM=15
335 2627
292.500 2651.167
180.000 2802.500
146.833 2914.167
145.500 2918.167
154.167 3149.500
199.500 3395.833
278.500 3513.500
400.500 3509.500
602.167 3299.500
740.833 3223.500
769.500 3110.500
705.000 2921.000
631.500 2735.500
603.500 2700.500
ID=Micoureus_demerarae__YPM_MAM_006784_planform_zeug.tif

LM=15
1265.167 1086.500
1223.625 1125.750
1214.250 1209.125
1202.750 1244.750
1201.833 1248.500
1210.500 1315.500
1280.000 1465.500
1405.750 1484.000
1509.750 1410.250
1545.167 1235.500
1563.167 1195.500
1531.750 1171.750
1478.000 1121.000
1423.500 1062.000
1379.833 1066.333
ID=Moloch_horridus__YPM_R_10619__forelimb_DV.tif

LM=15
313.833 2653.833
215.333 2670.333
153.000 2807.750
129.833 2865.500
122.750 3235.500
107.000 3412.750
366.000 4213.333
753.750 4033.500
891.250 3791.250
1008.833 3536.833
1059.000 3497.833
1074.000 3289.500
1072.500 3065.500
1068.000 2938.500
953.500 2936.250
ID=Monodon_monoceros_YPM_MAM_013636.tif

LM=15
636.500 1975
599.500 1996
592.500 2119.500
589.167 2335.167
706.500 2923.833
747.000 2982.000
832.500 3508.167
922.250 3936.500
988.125 3965.750
1095.125 3533.750
1112.000 3471.750
1257.833 2361.500
1283.500 2155.833
1308.167 1966.167
1234.833 1939.500
ID=Muraenosaurus_sp__NHM_PV_R_2864__forelimb__pic2.tif

LM=15
486.500 314.167
461.500 370.500
383.167 701.500
332.167 799.500
329.500 804.167
332.167 1060.167
504.167 1665.833
678.167 1995.167
916.833 1973.833
1001.500 1479.500
997.500 1253.500
994.500 891.750
986.167 776.333
935.500 396.833
895.333 316.667
ID=Mustela_putorius__AMNH_200805__autopods_DV.tif

LM=15
0.938 1.101
0.910 1.104
0.875 1.138
0.853 1.154
0.851 1.156
0.836 1.181
0.730 1.277
0.686 1.372
0.693 1.493
0.893 1.442
0.901 1.435
0.974 1.365
0.978 1.361
1.058 1.282
1.041 1.249
ID=Neusticosaurus_peyeri_T5851.tiff

LM=15
320 2152
281.500 2222.833
280.500 2325.167
278.167 2395.500
234.167 2540.167
293.500 2602.833
343.500 3054.500
596.500 3075.500
720.500 2956.500
889.500 2800.500
898.875 2723.875
811.000 2533.500
789.500 2470.500
724.500 2316.000
697.500 2270.500
ID=Ochotona_collaris__YPM_MAM_14834_planform.tif

LM=15
1218.500 667.833
990.833 795.833
883.500 2166.500
913.500 2607.000
1152.833 3847.500
1265.000 4136.250
1574.500 4012.167
2210.500 3764.167
2382.500 3444.500
2784.000 3147.000
2861.167 2954.333
2803.750 1988.750
2793.500 1673.500
2625.500 868.167
2550.833 838.833
ID=Odobenus_rosmarus__AMNH_70099__forelimb_autopod_DV.tif

LM=15
818.833 873.500
724.833 859.500
658.500 938.500
582.625 1036.875
454.500 1241.833
412.000 1368.500
88.375 2966.250
365.333 2565.167
899.750 1967.917
1387.250 1540.250
1428.875 1484.750
1428.625 1482.625
1464.000 1307.750
1427.625 1218.562
1290.750 1263.417
ID=Peponocephala_electra__NMNH_CJH007_img1.tif

LM=15
330.500 2065.500
279.167 2096.167
270.167 2834.167
267.667 3037.333
267.500 3046.167
396.167 3755.167
757.833 3759.833
1157.500 3544.250
1421.167 3243.167
1404.000 2835.000
1437.500 2717.750
1283.500 2252.167
1211.167 2130.833
991.000 1813.833
929.667 1836.333
ID=Phoca_groenlandica__AMNH_180016__forelimb_zeugoautopod_DV.tif

LM=15
620 3002
527.500 3075.500
548.833 3499.167
583.500 3771.500
589.500 3785.500
1099.000 4396.000
1267.833 4203.833
1385.500 3992.000
1466.000 3795.750
1601.000 3523.000
1579.167 3311.500
1441.833 3010.500
1386.833 2875.833
1179.500 2656.833
1106.500 2630.500
ID=Phoca_hispida__AMNH_73306__forelimb_zeugoautopods_DV.tif

LM=15
813 2912.500
697.167 3018.833
477.000 3715.000
422.000 3886.750
324.833 4824.500
397.500 4923.000
850.500 4772.500
1085.833 4560.500
1464.500 4379.833
1684.500 4124.500
1721.500 4030.333
1756.500 3718.500
1801.500 3210.500
1668.500 2773.500
1627.500 2750.500
ID=Phoca_hispida__AMNH_75250__forelimb_autopod_DV.tif

LM=15
779.833 3183.833
751.000 3283.250
1012.750 3721.500
1097.500 3902.500
1099.500 3907.000
1614.500 4373.833
1772.833 4106.833
1928.500 3785.167
2005.500 3486.500
2099.500 3176.500
2059.500 3136.500
1627.500 2897.500
1531.500 2846.833
1285.500 2741.500
1220.500 2761.500
ID=Phoca_vitulina__AMNH_77933__forelimb_zeugoautopod_DV.tif

LM=15
1044 984
923.500 1026.500
738.500 2109.500
733.833 2480.167
734.833 2486.833
1076.500 3318.833
1353.500 3213.500
1864.500 2984.500
2097.500 2728.500
2333.500 2475.500
2410.500 2172.500
2386.500 1666.500
2326.500 1286.500
2153.500 848.000
2002.000 817.000
ID=Phoca_vitulina_concolor__AMNH_80195__forelimb_autopod_DV.tif


LM=15
677.333 3405.500
626.125 3444.250
628.250 3615.312
693.188 3818.812
693.500 3826.500
773.500 3964.500
1915.500 5416.167
2073.500 5261.000
1944.833 4043.167
2068.000 3358.500
2056.833 3321.833
2054.500 3321.500
1868.167 3125.833
1786.167 3088.500
1666.833 3225.833
ID=Phocoena_phocoena_NMNH_USNM_550042.tif

LM=15
723.833 3040.167
631.833 3090.167
621.500 3279.167
659.000 3471.500
811.500 3968.500
827.500 3980.500
2121.167 5891.167
2242.875 5724.375
2227.833 4294.833
2403.000 3370.750
2403.750 3352.000
2335.833 3103.167
2153.500 2843.833
1939.500 2796.500
1833.500 2973.833
ID=Phocoena_phocoena_NMNH_USNM_550312.tif

LM=15
347 1276
335.500 1324.167
382.833 1466.833
436.000 1536.000
514.000 1622.500
531.000 1629.500
1140.250 1912.750
1118.833 1768.167
1051.167 1368.833
1067.500 1085.500
1057.333 1066.750
1056.250 1066.417
951.500 939.500
909.167 946.500
881.500 997.500
ID=Phocoenoides_dalli__SDSNH_20270

LM=15
489 3153
473.833 3198.833
569.000 3574.750
646.500 3747.833
647.833 3750.167
800.333 3989.167
2267.167 5033.500
2342.125 4655.188
2227.000 3607.750
2282.500 2595.833
2200.500 2565.167
2195.833 2567.167
1959.500 2486.500
1920.833 2499.167
1819.000 2792.000
ID=Phocoenoides_dalli_NMNH_USNM_504417_Radiograph_001.tif

LM=15
1684 1691
1650.500 1748.500
1601.667 1959.000
1592.500 2019.250
1591.500 2020.750
1517.833 2307.500
1672.500 2682.500
2078.000 2904.000
2150.500 2890.000
2181.167 2503.167
2160.500 2242.500
2145.000 2032.333
2142.000 1955.750
2051.000 1716.000
2025.500 1705.000
ID=Physignathus_leseurii__YPM_R_11121__forelimb_DV.tif

LM=15
855.167 874.500
825.500 883.500
811.500 998.333
800.333 1021.333
799.833 1022.833
731.833 1100.500
790.000 1392.750
954.833 1568.833
1059.500 1524.250
983.500 1237.833
1010.833 1127.500
1018.875 1008.625
1021.250 969.500
1022.750 846.250
978.250 814.500
ID=Physignathus_lesuerii__YPM_R_16671.tif

LM=15
3140 2768
2784.500 2709.500
2462.167 3234.833
2095.833 4387.500
2185.500 5524.500
2270.833 6043.833
3059.500 7318.500
3743.167 7649.500
4093.167 6759.500
4591.500 6185.500
4638.500 6144.500
4561.500 4445.167
4608.500 4236.000
4634.500 3511.500
4433.500 3403.000
ID=Platecarpus_sp__YPM_VP_884.tif

LM=15
616 838.500
499 771.000
386 889.500
347 962.750
263.833 1508.167
260.500 1608.833
431.500 1945.000
606.500 1916.500
808.833 1712.833
1079.375 1475.375
1125.750 1434.750
1168.833 1077.167
1141.500 1004.500
1038.000 890.000
972.750 925.250
ID=Platecarpus_tympaniticus__FHSM_VP_322.tif

LM=15
854 1502
785.167 1530.167
745.500 1618.833
731.500 1644.833
729.500 1652.167
668.833 1812.500
605.500 2081.833
550.500 2286.500
566.500 2370.500
859.500 2194.167
924.833 2193.500
1064.500 1939.167
1105.167 1880.167
1164.500 1808.167
1162.500 1712.167
ID=Pleurosaurus_ginsburgi__JME_MOE_170.tif

LM=15
769.500 2846.833
733.500 2922.833
788.500 3005.500
869.167 3131.833
870.500 3133.167
879.833 3134.500
2134.500 4025.000
2514.167 3787.833
2587.167 2981.167
2485.500 2153.500
2458.750 2076.125
2180.167 1851.833
1932.333 1768.167
1694.333 1730.000
1608.500 1872.375
ID=Pontoporia_blainvillei_NMNH_USNM_501169.tif

LM=15
674.167 3149.167
635.000 3240.500
675.000 3367.000
675.562 3368.062
676.125 3368.750
731.000 3401.500
2023.500 4503.167
2194.833 4194.333
2282.500 3395.000
2542.167 2648.167
2506.333 2585.583
2269.250 2380.500
2058.833 2271.500
1820.167 2185.500
1746.167 2262.167
ID=Pontoporia_blainvillei_NMNH_USNM_501176.tif

LM=15
441.333 443.333
435.083 427.583
383.312 376.562
341.312 360.688
322.188 358.688
278.562 347.594
233.583 530.375
255.542 665.417
429.406 757.500
563.083 679.417
558.500 639.667
557.417 624.583
520.375 569.562
492.500 481.688
488.562 479.562
ID=Ptychozoon_lionatum__YPM_HERR_014447.tif

LM=15
579.250 846.500
543.000 854.875
490.000 908.875
472.250 911.500
471.667 912.667
408.125 992.438
424.750 1174.250
417.833 1290.500
454.583 1329.583
596.750 1152.875
656.417 1082.833
679.750 1013.500
669.500 981.833
713.833 909.000
711.333 896.000
ID=Saniwa_ensidens__FMNH_PR2378.tif

LM=15
234.500 818.500
201.500 847.500
186.562 981.625
199.583 1054.583
201.500 1057.000
284.500 1215.500
431.000 1450.000
561.000 1700.667
628.500 1726.833
577.167 1323.167
582.375 1295.875
553.667 1144.833
522.000 993.500
496.125 868.000
474.750 852.500
ID=Shinisaurus_crocodilurus__YPM_R_19712.tif

LM=15
437.833 641.167
403.333 636.500
339.500 714.750
299.625 778.250
299.000 779.000
298.250 796.125
277.833 904.833
288.167 1015.833
321.833 1039.833
421.500 923.500
430.750 917.750
494.833 801.833
507.250 790.000
544.000 717.000
544.750 701.750
ID=Sphenodon_punctatus_YPM_R_11432.tif

LM=15
558 2870
354.167 2908.167
348.833 2953.500
344.583 3172.583
344.417 3174.417
421.875 3494.125
2366.000 5576.500
1934.667 5165.833
1707.000 3745.750
2043.750 2853.750
2024.750 2787.750
2023.000 2787.500
1844.000 2600.500
1734.833 2618.833
1594.833 2716.500
ID=Stenella_attenuata_NMNH_USNM_550016.tif

LM=15
550 3078
498.833 3153.500
538.500 3345.250
608.500 3549.167
608.833 3553.833
747.333 3785.667
2240.167 5519.500
2010.500 5072.000
1790.667 3663.000
2089.250 2733.000
2073.500 2695.250
2066.500 2691.500
1861.500 2568.833
1795.500 2540.000
1686.000 2666.000
ID=Stenella_attenuata_NMNH_USNM_550017.tif

LM=15
1063.500 1269.500
1036.000 1285.500
1036.375 1434.938
1042.375 1499.562
1042.375 1500.500
1067.083 1577.333
1591.333 2506.500
1579.500 2317.583
1593.167 1758.250
1685.625 1278.000
1680.500 1260.625
1680.042 1260.542
1608.167 1206.167
1577.167 1169.750
1501.500 1242.000
ID=Stenella_coeruleoalba_NMNH_13_SCO_left.tif

LM=15
806.167 4257.833
678.000 4274.250
660.250 4360.750
669.250 4565.000
669.000 4568.250
677.500 4622.750
1579.000 7336.000
1561.833 6803.167
1719.500 5346.000
2220.500 4458.500
2216.167 4421.500
2215.000 4421.188
2037.833 4234.167
1973.833 4186.833
1871.167 4261.833
ID=Stenella_coeruleoalba_NMNH_USNM_500841.tif

LM=15
983 3439
744.500 3401.167
701.833 3467.167
591.500 3661.167
504.000 4181.500
547.000 4360.500
1373.500 7354.000
1590.167 6581.500
2223.833 4849.833
2584.167 3791.167
2593.500 3530.500
2590.833 3530.167
2582.833 3527.500
2530.833 3524.833
2440.083 3613.667
ID=Stenella_frontalis_NMNH_USNM_500858.tif

LM=15
487.500 4556.500
352.167 4656.167
364.750 4958.500
410.833 5236.333
561.500 5872.167
691.500 6035.750
3581.000 9024.000
2892.500 8091.000
2746.167 5359.500
3018.833 3544.167
2920.500 3322.833
2917.167 3322.833
2384.500 3425.500
2266.500 3575.500
2196.500 3917.500
ID=Steno_bredanensis_NMNH_USNM_550221.tif

LM=15
141.688 485.562
121.375 503.125
125.125 517.250
139.500 559.375
315.625 883.000
321.125 882.750
355.500 895.562
386.375 895.625
386.500 895.500
409.958 892.583
410.542 886.458
379.500 486.750
379.583 450.333
381.000 438.500
362.667 422.500
ID=Stenopterygius_quadriscissus__SMF_R_4166.tif

LM=15
983 2295
785.833 2399.833
815.167 2534.500
881.500 2651.500
1523.500 3696.000
1613.833 3708.167
2029.500 4369.167
2190.167 4343.167
2193.500 4340.500
2305.500 4138.500
2305.500 4098.500
1985.500 2219.500
1970.833 2069.833
1957.500 1964.500
1848.833 1926.500
ID=Stenopterygius_quadriscissus__YPM_1653.tif

LM=15
403.875 410.125
384.250 421.000
347.333 480.500
351.833 505.667
351.833 506.500
350.167 553.833
389.500 676.125
465.167 724.333
570.000 729.375
641.500 619.583
643.083 588.500
628.312 536.562
626.750 521.875
578.250 422.875
562.500 418.750
ID=Stereosternum_tumidum__BSPG_1975_165__c.tif

LM=15
415.500 677.667
411.167 686.333
433.333 728.000
452.000 754.500
452.375 755.375
460.625 762.250
520.917 797.667
565.125 795.500
612.417 774.458
575.125 695.062
577.250 680.750
561.000 639.500
541.750 618.750
496.583 593.083
487.250 593.667
ID=Stereosternum_tumidum__MZSP_PV_1303.tif

LM=15
493.500 896.625
454.000 884.167
410.667 940.333
395.750 994.000
395.750 995.750
410.000 1017.250
408.750 1115.250
472.125 1178.000
559.250 1176.500
652.500 1124.250
669.250 1097.250
685.833 1040.167
689.500 1015.667
637.625 915.500
615.750 921.583
ID=Stereosternum_tumidum__SMF_R_4528.tif

LM=15
885 1308
789.167 1336.167
716.500 1579.167
675.000 1755.000
675.000 1756.625
685.750 1794.750
682.833 2184.167
968.167 2390.833
1259.500 2401.500
1445.250 1901.500
1516.000 1736.000
1515.875 1735.625
1559.167 1668.500
1404.000 1318.250
1345.667 1334.000
ID=Stereosternum_tumidum__SMF_R_4710.tif

LM=15
786 1667
699.833 1543.833
480.500 1665.167
447.833 1732.833
392.000 1851.000
419.000 1912.250
360.167 2218.000
655.500 2530.500
1030.500 2577.167
1369.000 2205.000
1464.500 2068.500
1470.500 1992.500
1450.500 1791.500
1231.833 1650.500
1193.167 1660.833
ID=Stereosternum_tumidum__SMNK_PAL_3808__c.tif

LM=15
1243 3641
1108.500 3727.500
1042.500 3860.500
941.500 3998.500
939.500 4004.500
933.750 4027.500
1240.500 4218.500
1829.500 4249.500
2090.500 3946.500
2214.500 3763.167
2205.500 3573.125
2058.500 3477.167
2018.500 3443.000
1975.000 3407.000
1935.000 3418.000
ID=Tachyglossus_aculeatus__YPM_MAM_6799_planform.tif

LM=15
392.833 1538.833
303.500 1592.000
243.167 2225.500
242.125 3211.125
242.625 3212.750
275.500 3244.000
647.000 4071.500
1351.500 4138.167
1693.250 3922.250
1874.500 3313.250
2002.167 2834.500
1902.500 2132.500
1875.167 1817.500
1661.500 1521.500
1510.500 1471.000
ID=Taxidea_americana__AMNH_35178__autopod_DV.tif

LM=15
659.500 703.500
607.500 746.500
457.167 1178.000
432.500 1250.500
432.417 1251.583
380.750 1749.500
527.000 2362.000
1085.250 2483.500
1441.667 2294.833
1618.500 1930.000
1653.500 1639.500
1655.500 1572.500
1596.500 1013.500
1497.500 854.500
1382.500 750.500
ID=Taxidea_taxus__AMNH_100149__autopods_DV.tif

LM=15
1844.500 2001.500
1804.833 2056.500
1861.750 2229.000
1882.750 2281.125
1883.500 2282.375
1937.250 2404.000
2177.000 2547.500
2389.500 2545.167
2525.500 2405.167
2473.500 2151.833
2418.833 2064.500
2319.500 1961.833
2287.500 1923.833
2188.833 1861.833
2126.833 1830.167
ID=Tiliqua_scincoides__YPM_R_10623__forelimb_DV.tif

LM=15
521.500 2096.167
421.333 2126.833
291.875 2315.875
254.167 2407.833
252.833 2413.167
236.750 2554.250
212.833 2986.167
279.500 3233.500
483.167 3401.167
735.500 3370.500
819.500 3290.500
964.500 3143.500
1093.500 2850.833
1085.167 2336.500
968.000 2315.333
ID=Trichechus_manatus__USNM_594165_right.tif

LM=15
600 1671.333
571 1735.667
635.375 1903.458
672.125 1972.125
672.625 1972.875
689.000 2000.250
1999.500 2964.625
1854.500 2713.583
1436.625 1931.375
1399.375 1327.125
1384.469 1304.594
1383.594 1304.594
1261.250 1306.250
1168.500 1311.917
1136.583 1426.667
ID=Tursiops_truncatus_NMNH_USNM_571204_left.tif

LM=15
1830.167 5060.833
1709.375 5205.125
1821.500 5560.833
1824.000 5564.000
1825.000 5567.500
1980.500 5683.833
6193.167 8615.167
5817.833 7909.833
4745.500 5764.500
4321.250 3674.750
4235.000 3640.000
4233.000 3643.500
3748.500 3710.500
3611.500 3745.500
3551.500 4054.750
ID=Tursiops_truncatus_NMNH_USNM_571269.tif

LM=15
604 1860
434.500 1930.833
496.167 2287.667
486.167 2834.167
682.833 4019.833
720.167 4071.167
1004.500 4499.000
1178.375 4630.250
1343.375 4687.375
1295.875 4234.500
1311.750 4171.250
1440.000 2434.000
1451.500 2324.250
1409.250 2031.250
1261.000 2011.750
ID=Tylosaurus_proriger__FHSM_VP_3.tif

LM=15
1308 1370.500
1279 1388.167
1263.875 1559.375
1219.500 1705.625
1219.125 1706.750
1266.688 1767.125
1474.083 2018.833
1858.667 2078.250
2126.833 1946.000
2041.500 1530.750
1907.333 1465.500
1778.500 1395.500
1754.417 1378.583
1612.833 1288.833
1589.000 1306.833
ID=Uromastyx_aegyptia__YPM_R_10522__forelimb_DV.tif

LM=15
1527 1728
1440.833 1807.833
1405.500 2042.500
1425.500 2294.000
1425.500 2295.167
1440.000 2353.000
1628.750 2716.750
1903.833 2932.500
2044.500 2957.500
2006.500 2448.500
2090.500 2377.500
2044.000 2179.000
1993.000 1966.500
1941.500 1734.500
1905.500 1699.000
ID=Uromastyx_aegyptia_forelimb_YPM_R_11161.tif

LM=15
1349.500 1614
1317.625 1621.375
1111.000 1756.375
957.000 1915.000
955.000 1918.500
992.000 2010.500
866.500 2355.500
864.500 2654.500
1004.833 2706.167
1200.167 2459.833
1354.167 2357.833
1507.167 2195.500
1531.500 2160.333
1632.250 1970.167
1606.000 1927.333
ID=Uromastyx_maliensis__YPM_R_14920.tif

LM=15
587.167 2410.500
524.000 2499.375
637.000 3211.000
794.000 4015.500
847.000 4238.000
963.875 4384.625
1383.167 4074.833
1500.000 3690.750
1516.667 3296.167
1418.500 2929.667
1459.500 2880.000
1328.833 2493.167
1293.500 2403.750
1191.500 2216.500
1084.500 2124.500
ID=Zalophus_californianus__AMNH_63947__forelimb_zeugoautopod_DV.tif
